# filling: 0.500000
# t: 1.000000
# U: 10.000000
# V: 0.000000
# intkmax: 6
# mixing: 0.900000
# orderpara_eps: 1.000000e-12


# ene ene_0 ene_U
     0 -0.4096101753 -0.4096101753  0.0000000000  0.5000000000  0.5000000000 
     1 -0.4327238266 -0.1636963969 -0.2690274298  0.4500000000  0.4190432639 
     2 -0.4224201111 -0.0108709005 -0.4115492106  0.4950000000  0.4515197437 
     3 -0.4229244444 -0.0344691263 -0.3884553181  0.4995000000  0.4589713697 
     4 -0.4229575916 -0.0449381597 -0.3780194319  0.4999500000  0.4605953314 
     5 -0.4229592205 -0.0477151087 -0.3752441118  0.4999950000  0.4609453209 
     6 -0.4229592967 -0.0483639406 -0.3745953561  0.4999995000  0.4610205683 
     7 -0.4229593002 -0.0485085388 -0.3744507614  0.4999999500  0.4610367381 
     8 -0.4229593004 -0.0485401247 -0.3744191756  0.4999999950  0.4610402124 
     9 -0.4229593004 -0.0485469630 -0.3744123374  0.4999999995  0.4610409589 
    10 -0.4229593004 -0.0485484374 -0.3744108630  0.4999999999  0.4610411193 
    11 -0.4229593004 -0.0485487547 -0.3744105457  0.5000000000  0.4610411537 
    12 -0.4229593004 -0.0485488229 -0.3744104774  0.5000000000  0.4610411611 
    13 -0.4229593004 -0.0485488376 -0.3744104628  0.5000000000  0.4610411627 
    14 -0.4229593004 -0.0485488407 -0.3744104596  0.5000000000  0.4610411631 
    15 -0.4229593004 -0.0485488414 -0.3744104590  0.5000000000  0.4610411631 
    16 -0.4229593004 -0.0485488416 -0.3744104588  0.5000000000  0.4610411632 
    17 -0.4229593004 -0.0485488416 -0.3744104588  0.5000000000  0.4610411632 


# converged in 17 steps
    17 -0.4229593004 -0.0485488416 -0.3744104588  0.5000000000  0.4610411632 
