# filling: 0.500000
# t: 1.000000
# U: 10.000000
# V: 0.000000
# intkmax: 300
# mixing: 0.900000
# orderpara_eps: 1.000000e-12


# ene ene_0 ene_U
     0 -0.4097483505 -0.4097483505  0.0000000000  0.5000000000  0.5000000000 
     1 -0.4330033496 -0.1634543231 -0.2695490264  0.4500000000  0.4189810227 
     2 -0.4226189036 -0.0094742526 -0.4131446509  0.4950000000  0.4513430346 
     3 -0.4231298388 -0.0333142863 -0.3898155525  0.4995000000  0.4588231628 
     4 -0.4231637348 -0.0439278701 -0.3792358646  0.4999500000  0.4604632624 
     5 -0.4231654179 -0.0467547706 -0.3764106473  0.4999950000  0.4608187662 
     6 -0.4231654975 -0.0474183438 -0.3757471537  0.4999995000  0.4608956331 
     7 -0.4231655012 -0.0475669711 -0.3755985302  0.4999999500  0.4609122443 
     8 -0.4231655014 -0.0475996087 -0.3755658927  0.4999999950  0.4609158337 
     9 -0.4231655014 -0.0476067130 -0.3755587884  0.4999999995  0.4609166092 
    10 -0.4231655014 -0.0476082533 -0.3755572481  0.5000000000  0.4609167768 
    11 -0.4231655014 -0.0476085866 -0.3755569148  0.5000000000  0.4609168130 
    12 -0.4231655014 -0.0476086587 -0.3755568427  0.5000000000  0.4609168208 
    13 -0.4231655014 -0.0476086743 -0.3755568271  0.5000000000  0.4609168225 
    14 -0.4231655014 -0.0476086777 -0.3755568238  0.5000000000  0.4609168229 
    15 -0.4231655014 -0.0476086784 -0.3755568230  0.5000000000  0.4609168230 
    16 -0.4231655014 -0.0476086785 -0.3755568229  0.5000000000  0.4609168230 
    17 -0.4231655014 -0.0476086786 -0.3755568229  0.5000000000  0.4609168230 


# converged in 17 steps
    17 -0.4231655014 -0.0476086786 -0.3755568229  0.5000000000  0.4609168230 
