# filling: 0.500000
# t: 1.000000
# U: 9.000000
# intkmax: 240
# init_cond: 1
# mixing: 0.900000
# orderpara_eps: 1.000000e-12


# ene ene_0 ene_U Ave(N) N[0] N[1] Ave(DeltaN) DeltaN[0] DeltaN[1] 
     0 -0.4050328166 -0.4050328166  0.0000000000  0.5000000000  0.5000000000  0.5000000000  0.0000000000  0.5000000000 -0.5000000000 


# converged in 17 steps
    17 -0.4198429316 -0.0442528163 -0.3755901153  0.5000000000  0.5000000000  0.5000000000  0.0000000000  0.4563636324 -0.4563636324 


# SzA SzB NA NB
 0.4563636324 -0.4563636324  1.0000000000  1.0000000000 


# 3: dos
# Efermi=0.392727
# Egap= 8.21454539014493612

0 -1.721369 0 0.000000 0 0.000000 0 0.000000
1 -1.672797 24 0.004289 12 0.002145 12 0.002145
2 -1.624225 632 0.112948 316 0.056474 316 0.056474
3 -1.575653 652 0.116522 326 0.058261 326 0.058261
4 -1.527081 684 0.122241 342 0.061121 342 0.061121
5 -1.478509 684 0.122241 342 0.061121 342 0.061121
6 -1.429937 696 0.124386 348 0.062193 348 0.062193
7 -1.381364 716 0.127960 358 0.063980 358 0.063980
8 -1.332792 736 0.131534 368 0.065767 368 0.065767
9 -1.284220 728 0.130105 364 0.065052 364 0.065052
10 -1.235648 728 0.130105 364 0.065052 364 0.065052
11 -1.187076 800 0.142972 400 0.071486 400 0.071486
12 -1.138504 816 0.145832 408 0.072916 408 0.072916
13 -1.089932 832 0.148691 416 0.074346 416 0.074346
14 -1.041360 836 0.149406 418 0.074703 418 0.074703
15 -0.992788 872 0.155840 436 0.077920 436 0.077920
16 -0.944216 912 0.162988 456 0.081494 456 0.081494
17 -0.895644 920 0.164418 460 0.082209 460 0.082209
18 -0.847072 984 0.175856 492 0.087928 492 0.087928
19 -0.798500 992 0.177285 496 0.088643 496 0.088643
20 -0.749928 1020 0.182289 510 0.091145 510 0.091145
21 -0.701356 1128 0.201591 564 0.100795 564 0.100795
22 -0.652784 1152 0.205880 576 0.102940 576 0.102940
23 -0.604212 1176 0.210169 588 0.105085 588 0.105085
24 -0.555640 1288 0.230185 644 0.115093 644 0.115093
25 -0.507068 1360 0.243053 680 0.121526 680 0.121526
26 -0.458496 1456 0.260209 728 0.130105 728 0.130105
27 -0.409924 1556 0.278081 778 0.139040 778 0.139040
28 -0.361352 1720 0.307390 860 0.153695 860 0.153695
29 -0.312780 1900 0.339559 950 0.169779 950 0.169779
30 -0.264208 2156 0.385310 1078 0.192655 1078 0.192655
31 -0.215636 2468 0.441069 1234 0.220535 1234 0.220535
32 -0.167064 3016 0.539005 1508 0.269502 1508 0.269502
33 -0.118492 3936 0.703423 1968 0.351711 1968 0.351711
34 -0.069920 6668 1.191673 3334 0.595836 3334 0.595836
35 -0.021348 11356 2.029490 5678 1.014745 5678 1.014745
36 0.027224 0 0.000000 0 0.000000 0 0.000000
37 0.075796 0 0.000000 0 0.000000 0 0.000000
38 0.124368 0 0.000000 0 0.000000 0 0.000000
39 0.172940 0 0.000000 0 0.000000 0 0.000000
40 0.221512 0 0.000000 0 0.000000 0 0.000000
41 0.270084 0 0.000000 0 0.000000 0 0.000000
42 0.318656 0 0.000000 0 0.000000 0 0.000000
43 0.367228 0 0.000000 0 0.000000 0 0.000000
44 0.415800 0 0.000000 0 0.000000 0 0.000000
45 0.464372 0 0.000000 0 0.000000 0 0.000000
46 0.512944 0 0.000000 0 0.000000 0 0.000000
47 0.561516 0 0.000000 0 0.000000 0 0.000000
48 0.610088 0 0.000000 0 0.000000 0 0.000000
49 0.658660 0 0.000000 0 0.000000 0 0.000000
50 0.707232 0 0.000000 0 0.000000 0 0.000000
51 0.755804 0 0.000000 0 0.000000 0 0.000000
52 0.804376 0 0.000000 0 0.000000 0 0.000000
53 0.852948 0 0.000000 0 0.000000 0 0.000000
54 0.901520 0 0.000000 0 0.000000 0 0.000000
55 0.950092 0 0.000000 0 0.000000 0 0.000000
56 0.998664 0 0.000000 0 0.000000 0 0.000000
57 1.047236 0 0.000000 0 0.000000 0 0.000000
58 1.095808 0 0.000000 0 0.000000 0 0.000000
59 1.144380 0 0.000000 0 0.000000 0 0.000000
60 1.192952 0 0.000000 0 0.000000 0 0.000000
61 1.241524 0 0.000000 0 0.000000 0 0.000000
62 1.290096 0 0.000000 0 0.000000 0 0.000000
63 1.338668 0 0.000000 0 0.000000 0 0.000000
64 1.387240 0 0.000000 0 0.000000 0 0.000000
65 1.435812 0 0.000000 0 0.000000 0 0.000000
66 1.484384 0 0.000000 0 0.000000 0 0.000000
67 1.532956 0 0.000000 0 0.000000 0 0.000000
68 1.581528 0 0.000000 0 0.000000 0 0.000000
69 1.630100 0 0.000000 0 0.000000 0 0.000000
70 1.678672 0 0.000000 0 0.000000 0 0.000000
71 1.727244 0 0.000000 0 0.000000 0 0.000000
72 1.775816 0 0.000000 0 0.000000 0 0.000000
73 1.824388 0 0.000000 0 0.000000 0 0.000000
74 1.872960 0 0.000000 0 0.000000 0 0.000000
75 1.921532 0 0.000000 0 0.000000 0 0.000000
76 1.970104 0 0.000000 0 0.000000 0 0.000000
77 2.018676 0 0.000000 0 0.000000 0 0.000000
78 2.067248 0 0.000000 0 0.000000 0 0.000000
79 2.115820 0 0.000000 0 0.000000 0 0.000000
80 2.164392 0 0.000000 0 0.000000 0 0.000000
81 2.212964 0 0.000000 0 0.000000 0 0.000000
82 2.261536 0 0.000000 0 0.000000 0 0.000000
83 2.310108 0 0.000000 0 0.000000 0 0.000000
84 2.358680 0 0.000000 0 0.000000 0 0.000000
85 2.407252 0 0.000000 0 0.000000 0 0.000000
86 2.455824 0 0.000000 0 0.000000 0 0.000000
87 2.504396 0 0.000000 0 0.000000 0 0.000000
88 2.552968 0 0.000000 0 0.000000 0 0.000000
89 2.601540 0 0.000000 0 0.000000 0 0.000000
90 2.650112 0 0.000000 0 0.000000 0 0.000000
91 2.698684 0 0.000000 0 0.000000 0 0.000000
92 2.747256 0 0.000000 0 0.000000 0 0.000000
93 2.795828 0 0.000000 0 0.000000 0 0.000000
94 2.844400 0 0.000000 0 0.000000 0 0.000000
95 2.892972 0 0.000000 0 0.000000 0 0.000000
96 2.941544 0 0.000000 0 0.000000 0 0.000000
97 2.990116 0 0.000000 0 0.000000 0 0.000000
98 3.038688 0 0.000000 0 0.000000 0 0.000000
99 3.087260 0 0.000000 0 0.000000 0 0.000000
100 3.135832 0 0.000000 0 0.000000 0 0.000000
101 3.184404 0 0.000000 0 0.000000 0 0.000000
102 3.232977 0 0.000000 0 0.000000 0 0.000000
103 3.281549 0 0.000000 0 0.000000 0 0.000000
104 3.330121 0 0.000000 0 0.000000 0 0.000000
105 3.378693 0 0.000000 0 0.000000 0 0.000000
106 3.427265 0 0.000000 0 0.000000 0 0.000000
107 3.475837 0 0.000000 0 0.000000 0 0.000000
108 3.524409 0 0.000000 0 0.000000 0 0.000000
109 3.572981 0 0.000000 0 0.000000 0 0.000000
110 3.621553 0 0.000000 0 0.000000 0 0.000000
111 3.670125 0 0.000000 0 0.000000 0 0.000000
112 3.718697 0 0.000000 0 0.000000 0 0.000000
113 3.767269 0 0.000000 0 0.000000 0 0.000000
114 3.815841 0 0.000000 0 0.000000 0 0.000000
115 3.864413 0 0.000000 0 0.000000 0 0.000000
116 3.912985 0 0.000000 0 0.000000 0 0.000000
117 3.961557 0 0.000000 0 0.000000 0 0.000000
118 4.010129 0 0.000000 0 0.000000 0 0.000000
119 4.058701 0 0.000000 0 0.000000 0 0.000000
120 4.107273 0 0.000000 0 0.000000 0 0.000000
121 4.155845 0 0.000000 0 0.000000 0 0.000000
122 4.204417 0 0.000000 0 0.000000 0 0.000000
123 4.252989 0 0.000000 0 0.000000 0 0.000000
124 4.301561 0 0.000000 0 0.000000 0 0.000000
125 4.350133 0 0.000000 0 0.000000 0 0.000000
126 4.398705 0 0.000000 0 0.000000 0 0.000000
127 4.447277 0 0.000000 0 0.000000 0 0.000000
128 4.495849 0 0.000000 0 0.000000 0 0.000000
129 4.544421 0 0.000000 0 0.000000 0 0.000000
130 4.592993 0 0.000000 0 0.000000 0 0.000000
131 4.641565 0 0.000000 0 0.000000 0 0.000000
132 4.690137 0 0.000000 0 0.000000 0 0.000000
133 4.738709 0 0.000000 0 0.000000 0 0.000000
134 4.787281 0 0.000000 0 0.000000 0 0.000000
135 4.835853 0 0.000000 0 0.000000 0 0.000000
136 4.884425 0 0.000000 0 0.000000 0 0.000000
137 4.932997 0 0.000000 0 0.000000 0 0.000000
138 4.981569 0 0.000000 0 0.000000 0 0.000000
139 5.030141 0 0.000000 0 0.000000 0 0.000000
140 5.078713 0 0.000000 0 0.000000 0 0.000000
141 5.127285 0 0.000000 0 0.000000 0 0.000000
142 5.175857 0 0.000000 0 0.000000 0 0.000000
143 5.224429 0 0.000000 0 0.000000 0 0.000000
144 5.273001 0 0.000000 0 0.000000 0 0.000000
145 5.321573 0 0.000000 0 0.000000 0 0.000000
146 5.370145 0 0.000000 0 0.000000 0 0.000000
147 5.418717 0 0.000000 0 0.000000 0 0.000000
148 5.467289 0 0.000000 0 0.000000 0 0.000000
149 5.515861 0 0.000000 0 0.000000 0 0.000000
150 5.564433 0 0.000000 0 0.000000 0 0.000000
151 5.613005 0 0.000000 0 0.000000 0 0.000000
152 5.661577 0 0.000000 0 0.000000 0 0.000000
153 5.710149 0 0.000000 0 0.000000 0 0.000000
154 5.758721 0 0.000000 0 0.000000 0 0.000000
155 5.807293 0 0.000000 0 0.000000 0 0.000000
156 5.855865 0 0.000000 0 0.000000 0 0.000000
157 5.904437 0 0.000000 0 0.000000 0 0.000000
158 5.953009 0 0.000000 0 0.000000 0 0.000000
159 6.001581 0 0.000000 0 0.000000 0 0.000000
160 6.050153 0 0.000000 0 0.000000 0 0.000000
161 6.098725 0 0.000000 0 0.000000 0 0.000000
162 6.147297 0 0.000000 0 0.000000 0 0.000000
163 6.195869 0 0.000000 0 0.000000 0 0.000000
164 6.244441 0 0.000000 0 0.000000 0 0.000000
165 6.293013 0 0.000000 0 0.000000 0 0.000000
166 6.341585 0 0.000000 0 0.000000 0 0.000000
167 6.390157 0 0.000000 0 0.000000 0 0.000000
168 6.438729 0 0.000000 0 0.000000 0 0.000000
169 6.487301 0 0.000000 0 0.000000 0 0.000000
170 6.535873 0 0.000000 0 0.000000 0 0.000000
171 6.584445 0 0.000000 0 0.000000 0 0.000000
172 6.633017 0 0.000000 0 0.000000 0 0.000000
173 6.681589 0 0.000000 0 0.000000 0 0.000000
174 6.730161 0 0.000000 0 0.000000 0 0.000000
175 6.778733 0 0.000000 0 0.000000 0 0.000000
176 6.827305 0 0.000000 0 0.000000 0 0.000000
177 6.875877 0 0.000000 0 0.000000 0 0.000000
178 6.924449 0 0.000000 0 0.000000 0 0.000000
179 6.973021 0 0.000000 0 0.000000 0 0.000000
180 7.021593 0 0.000000 0 0.000000 0 0.000000
181 7.070165 0 0.000000 0 0.000000 0 0.000000
182 7.118737 0 0.000000 0 0.000000 0 0.000000
183 7.167309 0 0.000000 0 0.000000 0 0.000000
184 7.215881 0 0.000000 0 0.000000 0 0.000000
185 7.264453 0 0.000000 0 0.000000 0 0.000000
186 7.313025 0 0.000000 0 0.000000 0 0.000000
187 7.361597 0 0.000000 0 0.000000 0 0.000000
188 7.410169 0 0.000000 0 0.000000 0 0.000000
189 7.458741 0 0.000000 0 0.000000 0 0.000000
190 7.507313 0 0.000000 0 0.000000 0 0.000000
191 7.555885 0 0.000000 0 0.000000 0 0.000000
192 7.604457 0 0.000000 0 0.000000 0 0.000000
193 7.653029 0 0.000000 0 0.000000 0 0.000000
194 7.701601 0 0.000000 0 0.000000 0 0.000000
195 7.750173 0 0.000000 0 0.000000 0 0.000000
196 7.798745 0 0.000000 0 0.000000 0 0.000000
197 7.847318 0 0.000000 0 0.000000 0 0.000000
198 7.895890 0 0.000000 0 0.000000 0 0.000000
199 7.944462 0 0.000000 0 0.000000 0 0.000000
200 7.993034 0 0.000000 0 0.000000 0 0.000000
201 8.041606 0 0.000000 0 0.000000 0 0.000000
202 8.090178 0 0.000000 0 0.000000 0 0.000000
203 8.138750 0 0.000000 0 0.000000 0 0.000000
204 8.187322 11356 2.029490 5678 1.014745 5678 1.014745
205 8.235894 6668 1.191673 3334 0.595836 3334 0.595836
206 8.284466 3936 0.703423 1968 0.351711 1968 0.351711
207 8.333038 3016 0.539005 1508 0.269502 1508 0.269502
208 8.381610 2468 0.441069 1234 0.220535 1234 0.220535
209 8.430182 2156 0.385310 1078 0.192655 1078 0.192655
210 8.478754 1900 0.339559 950 0.169779 950 0.169779
211 8.527326 1720 0.307390 860 0.153695 860 0.153695
212 8.575898 1556 0.278081 778 0.139040 778 0.139040
213 8.624470 1456 0.260209 728 0.130105 728 0.130105
214 8.673042 1360 0.243053 680 0.121526 680 0.121526
215 8.721614 1288 0.230185 644 0.115093 644 0.115093
216 8.770186 1176 0.210169 588 0.105085 588 0.105085
217 8.818758 1152 0.205880 576 0.102940 576 0.102940
218 8.867330 1128 0.201591 564 0.100795 564 0.100795
219 8.915902 1020 0.182289 510 0.091145 510 0.091145
220 8.964474 992 0.177285 496 0.088643 496 0.088643
221 9.013046 984 0.175856 492 0.087928 492 0.087928
222 9.061618 920 0.164418 460 0.082209 460 0.082209
223 9.110190 912 0.162988 456 0.081494 456 0.081494
224 9.158762 872 0.155840 436 0.077920 436 0.077920
225 9.207334 836 0.149406 418 0.074703 418 0.074703
226 9.255906 832 0.148691 416 0.074346 416 0.074346
227 9.304478 816 0.145832 408 0.072916 408 0.072916
228 9.353050 800 0.142972 400 0.071486 400 0.071486
229 9.401622 728 0.130105 364 0.065052 364 0.065052
230 9.450194 728 0.130105 364 0.065052 364 0.065052
231 9.498766 736 0.131534 368 0.065767 368 0.065767
232 9.547338 716 0.127960 358 0.063980 358 0.063980
233 9.595910 696 0.124386 348 0.062193 348 0.062193
234 9.644482 684 0.122241 342 0.061121 342 0.061121
235 9.693054 684 0.122241 342 0.061121 342 0.061121
236 9.741626 652 0.116522 326 0.058261 326 0.058261
237 9.790198 632 0.112948 316 0.056474 316 0.056474
238 9.838770 24 0.004289 12 0.002145 12 0.002145
239 9.887342 0 0.000000 0 0.000000 0 0.000000
