# filling: 0.500000
# t: 1.000000
# U: 2.000000
# intkmax: 240
# init_cond: 1
# mixing: 0.900000
# orderpara_eps: 1.000000e-12


# ene ene_0 ene_U Ave(N) N[0] N[1] Ave(DeltaN) DeltaN[0] DeltaN[1] 
     0 -1.0255753126 -1.0255753126  0.0000000000  0.5000000000  0.5000000000  0.5000000000  0.0000000000  0.5000000000 -0.5000000000 


# converged in 49 steps
    49 -1.1388601400 -0.7095797650 -0.4292803750  0.5000000000  0.5000000000  0.5000000000  0.0000000000  0.1880420498 -0.1880420498 


# SzA SzB NA NB
 0.1880420498 -0.1880420498  1.0000000000  1.0000000000 


# 3: dos
# Efermi=0.623916
# Egap= 0.75216827743226267

0 -3.708344 0 0.000000 0 0.000000 0 0.000000
1 -3.674307 12 0.003060 6 0.001530 6 0.001530
2 -3.640270 320 0.081611 160 0.040805 160 0.040805
3 -3.606233 308 0.078550 154 0.039275 154 0.039275
4 -3.572197 312 0.079571 156 0.039785 156 0.039785
5 -3.538160 328 0.083651 164 0.041826 164 0.041826
6 -3.504123 296 0.075490 148 0.037745 148 0.037745
7 -3.470086 344 0.087732 172 0.043866 172 0.043866
8 -3.436049 324 0.082631 162 0.041315 162 0.041315
9 -3.402012 316 0.080591 158 0.040295 158 0.040295
10 -3.367975 328 0.083651 164 0.041826 164 0.041826
11 -3.333938 340 0.086711 170 0.043356 170 0.043356
12 -3.299901 300 0.076510 150 0.038255 150 0.038255
13 -3.265864 348 0.088752 174 0.044376 174 0.044376
14 -3.231827 316 0.080591 158 0.040295 158 0.040295
15 -3.197791 356 0.090792 178 0.045396 178 0.045396
16 -3.163754 332 0.084671 166 0.042336 166 0.042336
17 -3.129717 308 0.078550 154 0.039275 154 0.039275
18 -3.095680 364 0.092832 182 0.046416 182 0.046416
19 -3.061643 348 0.088752 174 0.044376 174 0.044376
20 -3.027606 332 0.084671 166 0.042336 166 0.042336
21 -2.993569 340 0.086711 170 0.043356 170 0.043356
22 -2.959532 336 0.085691 168 0.042846 168 0.042846
23 -2.925495 356 0.090792 178 0.045396 178 0.045396
24 -2.891458 364 0.092832 182 0.046416 182 0.046416
25 -2.857422 348 0.088752 174 0.044376 174 0.044376
26 -2.823385 348 0.088752 174 0.044376 174 0.044376
27 -2.789348 356 0.090792 178 0.045396 178 0.045396
28 -2.755311 360 0.091812 180 0.045906 180 0.045906
29 -2.721274 356 0.090792 178 0.045396 178 0.045396
30 -2.687237 356 0.090792 178 0.045396 178 0.045396
31 -2.653200 348 0.088752 174 0.044376 174 0.044376
32 -2.619163 376 0.095893 188 0.047946 188 0.047946
33 -2.585126 372 0.094873 186 0.047436 186 0.047436
34 -2.551089 372 0.094873 186 0.047436 186 0.047436
35 -2.517053 364 0.092832 182 0.046416 182 0.046416
36 -2.483016 368 0.093852 184 0.046926 184 0.046926
37 -2.448979 372 0.094873 186 0.047436 186 0.047436
38 -2.414942 388 0.098953 194 0.049477 194 0.049477
39 -2.380905 352 0.089772 176 0.044886 176 0.044886
40 -2.346868 396 0.100993 198 0.050497 198 0.050497
41 -2.312831 372 0.094873 186 0.047436 186 0.047436
42 -2.278794 392 0.099973 196 0.049987 196 0.049987
43 -2.244757 412 0.105074 206 0.052537 206 0.052537
44 -2.210720 396 0.100993 198 0.050497 198 0.050497
45 -2.176684 380 0.096913 190 0.048456 190 0.048456
46 -2.142647 376 0.095893 188 0.047946 188 0.047946
47 -2.108610 404 0.103034 202 0.051517 202 0.051517
48 -2.074573 404 0.103034 202 0.051517 202 0.051517
49 -2.040536 416 0.106094 208 0.053047 208 0.053047
50 -2.006499 412 0.105074 206 0.052537 206 0.052537
51 -1.972462 396 0.100993 198 0.050497 198 0.050497
52 -1.938425 400 0.102013 200 0.051007 200 0.051007
53 -1.904388 412 0.105074 206 0.052537 206 0.052537
54 -1.870351 436 0.111195 218 0.055597 218 0.055597
55 -1.836314 440 0.112215 220 0.056107 220 0.056107
56 -1.802278 388 0.098953 194 0.049477 194 0.049477
57 -1.768241 428 0.109154 214 0.054577 214 0.054577
58 -1.734204 456 0.116295 228 0.058148 228 0.058148
59 -1.700167 428 0.109154 214 0.054577 214 0.054577
60 -1.666130 428 0.109154 214 0.054577 214 0.054577
61 -1.632093 432 0.110175 216 0.055087 216 0.055087
62 -1.598056 452 0.115275 226 0.057638 226 0.057638
63 -1.564019 452 0.115275 226 0.057638 226 0.057638
64 -1.529982 456 0.116295 228 0.058148 228 0.058148
65 -1.495945 428 0.109154 214 0.054577 214 0.054577
66 -1.461909 476 0.121396 238 0.060698 238 0.060698
67 -1.427872 480 0.122416 240 0.061208 240 0.061208
68 -1.393835 452 0.115275 226 0.057638 226 0.057638
69 -1.359798 452 0.115275 226 0.057638 226 0.057638
70 -1.325761 520 0.132618 260 0.066309 260 0.066309
71 -1.291724 468 0.119356 234 0.059678 234 0.059678
72 -1.257687 452 0.115275 226 0.057638 226 0.057638
73 -1.223650 504 0.128537 252 0.064268 252 0.064268
74 -1.189613 500 0.127517 250 0.063758 250 0.063758
75 -1.155576 516 0.131597 258 0.065799 258 0.065799
76 -1.121540 464 0.118336 232 0.059168 232 0.059168
77 -1.087503 540 0.137718 270 0.068859 270 0.068859
78 -1.053466 508 0.129557 254 0.064779 254 0.064779
79 -1.019429 512 0.130577 256 0.065289 256 0.065289
80 -0.985392 548 0.139758 274 0.069879 274 0.069879
81 -0.951355 556 0.141799 278 0.070899 278 0.070899
82 -0.917318 532 0.135678 266 0.067839 266 0.067839
83 -0.883281 504 0.128537 252 0.064268 252 0.064268
84 -0.849244 596 0.152000 298 0.076000 298 0.076000
85 -0.815207 580 0.147920 290 0.073960 290 0.073960
86 -0.781171 556 0.141799 278 0.070899 278 0.070899
87 -0.747134 580 0.147920 290 0.073960 290 0.073960
88 -0.713097 624 0.159141 312 0.079571 312 0.079571
89 -0.679060 612 0.156081 306 0.078040 306 0.078040
90 -0.645023 540 0.137718 270 0.068859 270 0.068859
91 -0.610986 684 0.174443 342 0.087222 342 0.087222
92 -0.576949 636 0.162201 318 0.081101 318 0.081101
93 -0.542912 644 0.164242 322 0.082121 322 0.082121
94 -0.508875 640 0.163222 320 0.081611 320 0.081611
95 -0.474838 716 0.182604 358 0.091302 358 0.091302
96 -0.440802 740 0.188725 370 0.094362 370 0.094362
97 -0.406765 708 0.180564 354 0.090282 354 0.090282
98 -0.372728 716 0.182604 358 0.091302 358 0.091302
99 -0.338691 788 0.200967 394 0.100483 394 0.100483
100 -0.304654 856 0.218309 428 0.109154 428 0.109154
101 -0.270617 860 0.219329 430 0.109664 430 0.109664
102 -0.236580 892 0.227490 446 0.113745 446 0.113745
103 -0.202543 928 0.236671 464 0.118336 464 0.118336
104 -0.168506 1068 0.272376 534 0.136188 534 0.136188
105 -0.134469 1208 0.308081 604 0.154040 604 0.154040
106 -0.100432 1464 0.373369 732 0.186685 732 0.186685
107 -0.066396 1936 0.493745 968 0.246873 968 0.246873
108 -0.032359 5188 1.323115 2594 0.661557 2594 0.661557
109 0.001678 0 0.000000 0 0.000000 0 0.000000
110 0.035715 0 0.000000 0 0.000000 0 0.000000
111 0.069752 0 0.000000 0 0.000000 0 0.000000
112 0.103789 0 0.000000 0 0.000000 0 0.000000
113 0.137826 0 0.000000 0 0.000000 0 0.000000
114 0.171863 0 0.000000 0 0.000000 0 0.000000
115 0.205900 0 0.000000 0 0.000000 0 0.000000
116 0.239937 0 0.000000 0 0.000000 0 0.000000
117 0.273973 0 0.000000 0 0.000000 0 0.000000
118 0.308010 0 0.000000 0 0.000000 0 0.000000
119 0.342047 0 0.000000 0 0.000000 0 0.000000
120 0.376084 0 0.000000 0 0.000000 0 0.000000
121 0.410121 0 0.000000 0 0.000000 0 0.000000
122 0.444158 0 0.000000 0 0.000000 0 0.000000
123 0.478195 0 0.000000 0 0.000000 0 0.000000
124 0.512232 0 0.000000 0 0.000000 0 0.000000
125 0.546269 0 0.000000 0 0.000000 0 0.000000
126 0.580306 0 0.000000 0 0.000000 0 0.000000
127 0.614342 0 0.000000 0 0.000000 0 0.000000
128 0.648379 0 0.000000 0 0.000000 0 0.000000
129 0.682416 0 0.000000 0 0.000000 0 0.000000
130 0.716453 0 0.000000 0 0.000000 0 0.000000
131 0.750490 5188 1.323115 2594 0.661557 2594 0.661557
132 0.784527 1936 0.493745 968 0.246873 968 0.246873
133 0.818564 1464 0.373369 732 0.186685 732 0.186685
134 0.852601 1208 0.308081 604 0.154040 604 0.154040
135 0.886638 1068 0.272376 534 0.136188 534 0.136188
136 0.920675 928 0.236671 464 0.118336 464 0.118336
137 0.954711 892 0.227490 446 0.113745 446 0.113745
138 0.988748 860 0.219329 430 0.109664 430 0.109664
139 1.022785 856 0.218309 428 0.109154 428 0.109154
140 1.056822 788 0.200967 394 0.100483 394 0.100483
141 1.090859 716 0.182604 358 0.091302 358 0.091302
142 1.124896 708 0.180564 354 0.090282 354 0.090282
143 1.158933 740 0.188725 370 0.094362 370 0.094362
144 1.192970 716 0.182604 358 0.091302 358 0.091302
145 1.227007 640 0.163222 320 0.081611 320 0.081611
146 1.261044 644 0.164242 322 0.082121 322 0.082121
147 1.295080 636 0.162201 318 0.081101 318 0.081101
148 1.329117 684 0.174443 342 0.087222 342 0.087222
149 1.363154 540 0.137718 270 0.068859 270 0.068859
150 1.397191 612 0.156081 306 0.078040 306 0.078040
151 1.431228 624 0.159141 312 0.079571 312 0.079571
152 1.465265 580 0.147920 290 0.073960 290 0.073960
153 1.499302 556 0.141799 278 0.070899 278 0.070899
154 1.533339 580 0.147920 290 0.073960 290 0.073960
155 1.567376 596 0.152000 298 0.076000 298 0.076000
156 1.601413 504 0.128537 252 0.064268 252 0.064268
157 1.635450 532 0.135678 266 0.067839 266 0.067839
158 1.669486 556 0.141799 278 0.070899 278 0.070899
159 1.703523 548 0.139758 274 0.069879 274 0.069879
160 1.737560 512 0.130577 256 0.065289 256 0.065289
161 1.771597 508 0.129557 254 0.064779 254 0.064779
162 1.805634 540 0.137718 270 0.068859 270 0.068859
163 1.839671 464 0.118336 232 0.059168 232 0.059168
164 1.873708 516 0.131597 258 0.065799 258 0.065799
165 1.907745 500 0.127517 250 0.063758 250 0.063758
166 1.941782 504 0.128537 252 0.064268 252 0.064268
167 1.975819 452 0.115275 226 0.057638 226 0.057638
168 2.009855 468 0.119356 234 0.059678 234 0.059678
169 2.043892 520 0.132618 260 0.066309 260 0.066309
170 2.077929 452 0.115275 226 0.057638 226 0.057638
171 2.111966 452 0.115275 226 0.057638 226 0.057638
172 2.146003 480 0.122416 240 0.061208 240 0.061208
173 2.180040 476 0.121396 238 0.060698 238 0.060698
174 2.214077 428 0.109154 214 0.054577 214 0.054577
175 2.248114 456 0.116295 228 0.058148 228 0.058148
176 2.282151 452 0.115275 226 0.057638 226 0.057638
177 2.316188 452 0.115275 226 0.057638 226 0.057638
178 2.350224 432 0.110175 216 0.055087 216 0.055087
179 2.384261 428 0.109154 214 0.054577 214 0.054577
180 2.418298 428 0.109154 214 0.054577 214 0.054577
181 2.452335 456 0.116295 228 0.058148 228 0.058148
182 2.486372 428 0.109154 214 0.054577 214 0.054577
183 2.520409 388 0.098953 194 0.049477 194 0.049477
184 2.554446 440 0.112215 220 0.056107 220 0.056107
185 2.588483 436 0.111195 218 0.055597 218 0.055597
186 2.622520 412 0.105074 206 0.052537 206 0.052537
187 2.656557 400 0.102013 200 0.051007 200 0.051007
188 2.690593 396 0.100993 198 0.050497 198 0.050497
189 2.724630 412 0.105074 206 0.052537 206 0.052537
190 2.758667 416 0.106094 208 0.053047 208 0.053047
191 2.792704 404 0.103034 202 0.051517 202 0.051517
192 2.826741 404 0.103034 202 0.051517 202 0.051517
193 2.860778 376 0.095893 188 0.047946 188 0.047946
194 2.894815 380 0.096913 190 0.048456 190 0.048456
195 2.928852 396 0.100993 198 0.050497 198 0.050497
196 2.962889 412 0.105074 206 0.052537 206 0.052537
197 2.996926 392 0.099973 196 0.049987 196 0.049987
198 3.030963 372 0.094873 186 0.047436 186 0.047436
199 3.064999 396 0.100993 198 0.050497 198 0.050497
200 3.099036 352 0.089772 176 0.044886 176 0.044886
201 3.133073 388 0.098953 194 0.049477 194 0.049477
202 3.167110 372 0.094873 186 0.047436 186 0.047436
203 3.201147 368 0.093852 184 0.046926 184 0.046926
204 3.235184 364 0.092832 182 0.046416 182 0.046416
205 3.269221 372 0.094873 186 0.047436 186 0.047436
206 3.303258 372 0.094873 186 0.047436 186 0.047436
207 3.337295 376 0.095893 188 0.047946 188 0.047946
208 3.371332 348 0.088752 174 0.044376 174 0.044376
209 3.405368 356 0.090792 178 0.045396 178 0.045396
210 3.439405 356 0.090792 178 0.045396 178 0.045396
211 3.473442 360 0.091812 180 0.045906 180 0.045906
212 3.507479 356 0.090792 178 0.045396 178 0.045396
213 3.541516 348 0.088752 174 0.044376 174 0.044376
214 3.575553 348 0.088752 174 0.044376 174 0.044376
215 3.609590 364 0.092832 182 0.046416 182 0.046416
216 3.643627 356 0.090792 178 0.045396 178 0.045396
217 3.677664 336 0.085691 168 0.042846 168 0.042846
218 3.711701 340 0.086711 170 0.043356 170 0.043356
219 3.745737 332 0.084671 166 0.042336 166 0.042336
220 3.779774 348 0.088752 174 0.044376 174 0.044376
221 3.813811 364 0.092832 182 0.046416 182 0.046416
222 3.847848 308 0.078550 154 0.039275 154 0.039275
223 3.881885 332 0.084671 166 0.042336 166 0.042336
224 3.915922 356 0.090792 178 0.045396 178 0.045396
225 3.949959 316 0.080591 158 0.040295 158 0.040295
226 3.983996 348 0.088752 174 0.044376 174 0.044376
227 4.018033 300 0.076510 150 0.038255 150 0.038255
228 4.052070 340 0.086711 170 0.043356 170 0.043356
229 4.086106 328 0.083651 164 0.041826 164 0.041826
230 4.120143 316 0.080591 158 0.040295 158 0.040295
231 4.154180 324 0.082631 162 0.041315 162 0.041315
232 4.188217 344 0.087732 172 0.043866 172 0.043866
233 4.222254 296 0.075490 148 0.037745 148 0.037745
234 4.256291 328 0.083651 164 0.041826 164 0.041826
235 4.290328 312 0.079571 156 0.039785 156 0.039785
236 4.324365 308 0.078550 154 0.039275 154 0.039275
237 4.358402 320 0.081611 160 0.040805 160 0.040805
238 4.392439 12 0.003060 6 0.001530 6 0.001530
239 4.426475 0 0.000000 0 0.000000 0 0.000000
