# filling: 0.500000
# t: 1.000000
# U: 1.000000
# intkmax: 240
# init_cond: 1
# mixing: 0.900000
# orderpara_eps: 1.000000e-12


# ene ene_0 ene_U Ave(N) N[0] N[1] Ave(DeltaN) DeltaN[0] DeltaN[1] 
     0 -1.2601331284 -1.2601331284  0.0000000000  0.5000000000  0.5000000000  0.5000000000  0.0000000000  0.5000000000 -0.5000000000 


# converged in 72 steps
    72 -1.3717525174 -1.1253225090 -0.2464300084  0.5000000000  0.5000000000  0.5000000000  0.0000000000  0.0597494063 -0.0597494063 


# SzA SzB NA NB
 0.0597494063 -0.0597494063  1.0000000000  1.0000000000 


# 3: dos
# Efermi=0.440250
# Egap= 0.11949930392026253

0 -4.007196 0 0.000000 0 0.000000 0 0.000000
1 -3.973305 12 0.003074 6 0.001537 6 0.001537
2 -3.939414 320 0.081962 160 0.040981 160 0.040981
3 -3.905523 300 0.076839 150 0.038419 150 0.038419
4 -3.871632 312 0.079913 156 0.039956 156 0.039956
5 -3.837740 328 0.084011 164 0.042005 164 0.042005
6 -3.803849 296 0.075814 148 0.037907 148 0.037907
7 -3.769958 324 0.082986 162 0.041493 162 0.041493
8 -3.736067 312 0.079913 156 0.039956 156 0.039956
9 -3.702176 340 0.087084 170 0.043542 170 0.043542
10 -3.668284 316 0.080937 158 0.040469 158 0.040469
11 -3.634393 336 0.086060 168 0.043030 168 0.043030
12 -3.600502 324 0.082986 162 0.041493 162 0.041493
13 -3.566611 324 0.082986 162 0.041493 162 0.041493
14 -3.532719 324 0.082986 162 0.041493 162 0.041493
15 -3.498828 340 0.087084 170 0.043542 170 0.043542
16 -3.464937 324 0.082986 162 0.041493 162 0.041493
17 -3.431046 324 0.082986 162 0.041493 162 0.041493
18 -3.397155 340 0.087084 170 0.043542 170 0.043542
19 -3.363263 356 0.091182 178 0.045591 178 0.045591
20 -3.329372 324 0.082986 162 0.041493 162 0.041493
21 -3.295481 328 0.084011 164 0.042005 164 0.042005
22 -3.261590 340 0.087084 170 0.043542 170 0.043542
23 -3.227698 340 0.087084 170 0.043542 170 0.043542
24 -3.193807 356 0.091182 178 0.045591 178 0.045591
25 -3.159916 348 0.089133 174 0.044567 174 0.044567
26 -3.126025 372 0.095280 186 0.047640 186 0.047640
27 -3.092134 320 0.081962 160 0.040981 160 0.040981
28 -3.058242 372 0.095280 186 0.047640 186 0.047640
29 -3.024351 356 0.091182 178 0.045591 178 0.045591
30 -2.990460 348 0.089133 174 0.044567 174 0.044567
31 -2.956569 352 0.090158 176 0.045079 176 0.045079
32 -2.922678 364 0.093231 182 0.046616 182 0.046616
33 -2.888786 364 0.093231 182 0.046616 182 0.046616
34 -2.854895 348 0.089133 174 0.044567 174 0.044567
35 -2.821004 368 0.094256 184 0.047128 184 0.047128
36 -2.787113 348 0.089133 174 0.044567 174 0.044567
37 -2.753221 388 0.099378 194 0.049689 194 0.049689
38 -2.719330 376 0.096305 188 0.048152 188 0.048152
39 -2.685439 364 0.093231 182 0.046616 182 0.046616
40 -2.651548 380 0.097329 190 0.048665 190 0.048665
41 -2.617657 364 0.093231 182 0.046616 182 0.046616
42 -2.583765 400 0.102452 200 0.051226 200 0.051226
43 -2.549874 372 0.095280 186 0.047640 186 0.047640
44 -2.515983 372 0.095280 186 0.047640 186 0.047640
45 -2.482092 400 0.102452 200 0.051226 200 0.051226
46 -2.448200 388 0.099378 194 0.049689 194 0.049689
47 -2.414309 388 0.099378 194 0.049689 194 0.049689
48 -2.380418 408 0.104501 204 0.052251 204 0.052251
49 -2.346527 372 0.095280 186 0.047640 186 0.047640
50 -2.312636 396 0.101427 198 0.050714 198 0.050714
51 -2.278744 416 0.106550 208 0.053275 208 0.053275
52 -2.244853 412 0.105526 206 0.052763 206 0.052763
53 -2.210962 400 0.102452 200 0.051226 200 0.051226
54 -2.177071 372 0.095280 186 0.047640 186 0.047640
55 -2.143180 444 0.113722 222 0.056861 222 0.056861
56 -2.109288 424 0.108599 212 0.054300 212 0.054300
57 -2.075397 404 0.103476 202 0.051738 202 0.051738
58 -2.041506 428 0.109624 214 0.054812 214 0.054812
59 -2.007615 392 0.100403 196 0.050201 196 0.050201
60 -1.973723 436 0.111673 218 0.055836 218 0.055836
61 -1.939832 444 0.113722 222 0.056861 222 0.056861
62 -1.905941 400 0.102452 200 0.051226 200 0.051226
63 -1.872050 436 0.111673 218 0.055836 218 0.055836
64 -1.838159 460 0.117820 230 0.058910 230 0.058910
65 -1.804267 464 0.118844 232 0.059422 232 0.059422
66 -1.770376 396 0.101427 198 0.050714 198 0.050714
67 -1.736485 476 0.121918 238 0.060959 238 0.060959
68 -1.702594 472 0.120893 236 0.060447 236 0.060447
69 -1.668702 444 0.113722 222 0.056861 222 0.056861
70 -1.634811 428 0.109624 214 0.054812 214 0.054812
71 -1.600920 488 0.124991 244 0.062496 244 0.062496
72 -1.567029 476 0.121918 238 0.060959 238 0.060959
73 -1.533138 436 0.111673 218 0.055836 218 0.055836
74 -1.499246 496 0.127040 248 0.063520 248 0.063520
75 -1.465355 492 0.126016 246 0.063008 246 0.063008
76 -1.431464 460 0.117820 230 0.058910 230 0.058910
77 -1.397573 496 0.127040 248 0.063520 248 0.063520
78 -1.363681 508 0.130114 254 0.065057 254 0.065057
79 -1.329790 484 0.123967 242 0.061983 242 0.061983
80 -1.295899 472 0.120893 236 0.060447 236 0.060447
81 -1.262008 532 0.136261 266 0.068131 266 0.068131
82 -1.228117 516 0.132163 258 0.066082 258 0.066082
83 -1.194225 480 0.122942 240 0.061471 240 0.061471
84 -1.160334 564 0.144457 282 0.072229 282 0.072229
85 -1.126443 516 0.132163 258 0.066082 258 0.066082
86 -1.092552 472 0.120893 236 0.060447 236 0.060447
87 -1.058661 580 0.148555 290 0.074278 290 0.074278
88 -1.024769 556 0.142408 278 0.071204 278 0.071204
89 -0.990878 524 0.134212 262 0.067106 262 0.067106
90 -0.956987 560 0.143433 280 0.071716 280 0.071716
91 -0.923096 580 0.148555 290 0.074278 290 0.074278
92 -0.889204 524 0.134212 262 0.067106 262 0.067106
93 -0.855313 604 0.154702 302 0.077351 302 0.077351
94 -0.821422 612 0.156752 306 0.078376 306 0.078376
95 -0.787531 536 0.137286 268 0.068643 268 0.068643
96 -0.753640 652 0.166997 326 0.083498 326 0.083498
97 -0.719748 612 0.156752 306 0.078376 306 0.078376
98 -0.685857 572 0.146506 286 0.073253 286 0.073253
99 -0.651966 660 0.169046 330 0.084523 330 0.084523
100 -0.618075 620 0.158801 310 0.079400 310 0.079400
101 -0.584183 624 0.159825 312 0.079913 312 0.079913
102 -0.550292 700 0.179291 350 0.089645 350 0.089645
103 -0.516401 668 0.171095 334 0.085547 334 0.085547
104 -0.482510 660 0.169046 330 0.084523 330 0.084523
105 -0.448619 740 0.189536 370 0.094768 370 0.094768
106 -0.414727 716 0.183389 358 0.091695 358 0.091695
107 -0.380836 668 0.171095 334 0.085547 334 0.085547
108 -0.346945 796 0.203879 398 0.101940 398 0.101940
109 -0.313054 760 0.194659 380 0.097329 380 0.097329
110 -0.279163 764 0.195683 382 0.097842 382 0.097842
111 -0.245271 860 0.220272 430 0.110136 430 0.110136
112 -0.211380 816 0.209002 408 0.104501 408 0.104501
113 -0.177489 852 0.218223 426 0.109111 426 0.109111
114 -0.143598 1024 0.262277 512 0.131139 512 0.131139
115 -0.109706 1040 0.266375 520 0.133188 520 0.133188
116 -0.075815 992 0.254081 496 0.127040 496 0.127040
117 -0.041924 1640 0.420053 820 0.210027 820 0.210027
118 -0.008033 1484 0.380097 742 0.190048 742 0.190048
119 0.025858 0 0.000000 0 0.000000 0 0.000000
120 0.059750 0 0.000000 0 0.000000 0 0.000000
121 0.093641 1484 0.380097 742 0.190048 742 0.190048
122 0.127532 1640 0.420053 820 0.210027 820 0.210027
123 0.161423 992 0.254081 496 0.127040 496 0.127040
124 0.195315 1040 0.266375 520 0.133188 520 0.133188
125 0.229206 1024 0.262277 512 0.131139 512 0.131139
126 0.263097 852 0.218223 426 0.109111 426 0.109111
127 0.296988 816 0.209002 408 0.104501 408 0.104501
128 0.330879 860 0.220272 430 0.110136 430 0.110136
129 0.364771 764 0.195683 382 0.097842 382 0.097842
130 0.398662 760 0.194659 380 0.097329 380 0.097329
131 0.432553 796 0.203879 398 0.101940 398 0.101940
132 0.466444 668 0.171095 334 0.085547 334 0.085547
133 0.500335 716 0.183389 358 0.091695 358 0.091695
134 0.534227 740 0.189536 370 0.094768 370 0.094768
135 0.568118 660 0.169046 330 0.084523 330 0.084523
136 0.602009 668 0.171095 334 0.085547 334 0.085547
137 0.635900 700 0.179291 350 0.089645 350 0.089645
138 0.669792 624 0.159825 312 0.079913 312 0.079913
139 0.703683 620 0.158801 310 0.079400 310 0.079400
140 0.737574 660 0.169046 330 0.084523 330 0.084523
141 0.771465 572 0.146506 286 0.073253 286 0.073253
142 0.805356 612 0.156752 306 0.078376 306 0.078376
143 0.839248 652 0.166997 326 0.083498 326 0.083498
144 0.873139 536 0.137286 268 0.068643 268 0.068643
145 0.907030 612 0.156752 306 0.078376 306 0.078376
146 0.940921 604 0.154702 302 0.077351 302 0.077351
147 0.974813 524 0.134212 262 0.067106 262 0.067106
148 1.008704 580 0.148555 290 0.074278 290 0.074278
149 1.042595 560 0.143433 280 0.071716 280 0.071716
150 1.076486 524 0.134212 262 0.067106 262 0.067106
151 1.110377 556 0.142408 278 0.071204 278 0.071204
152 1.144269 580 0.148555 290 0.074278 290 0.074278
153 1.178160 472 0.120893 236 0.060447 236 0.060447
154 1.212051 516 0.132163 258 0.066082 258 0.066082
155 1.245942 564 0.144457 282 0.072229 282 0.072229
156 1.279833 480 0.122942 240 0.061471 240 0.061471
157 1.313725 516 0.132163 258 0.066082 258 0.066082
158 1.347616 532 0.136261 266 0.068131 266 0.068131
159 1.381507 472 0.120893 236 0.060447 236 0.060447
160 1.415398 484 0.123967 242 0.061983 242 0.061983
161 1.449290 508 0.130114 254 0.065057 254 0.065057
162 1.483181 496 0.127040 248 0.063520 248 0.063520
163 1.517072 460 0.117820 230 0.058910 230 0.058910
164 1.550963 492 0.126016 246 0.063008 246 0.063008
165 1.584854 496 0.127040 248 0.063520 248 0.063520
166 1.618746 436 0.111673 218 0.055836 218 0.055836
167 1.652637 476 0.121918 238 0.060959 238 0.060959
168 1.686528 488 0.124991 244 0.062496 244 0.062496
169 1.720419 428 0.109624 214 0.054812 214 0.054812
170 1.754311 444 0.113722 222 0.056861 222 0.056861
171 1.788202 472 0.120893 236 0.060447 236 0.060447
172 1.822093 476 0.121918 238 0.060959 238 0.060959
173 1.855984 396 0.101427 198 0.050714 198 0.050714
174 1.889875 464 0.118844 232 0.059422 232 0.059422
175 1.923767 460 0.117820 230 0.058910 230 0.058910
176 1.957658 436 0.111673 218 0.055836 218 0.055836
177 1.991549 400 0.102452 200 0.051226 200 0.051226
178 2.025440 444 0.113722 222 0.056861 222 0.056861
179 2.059332 436 0.111673 218 0.055836 218 0.055836
180 2.093223 392 0.100403 196 0.050201 196 0.050201
181 2.127114 428 0.109624 214 0.054812 214 0.054812
182 2.161005 404 0.103476 202 0.051738 202 0.051738
183 2.194896 424 0.108599 212 0.054300 212 0.054300
184 2.228788 444 0.113722 222 0.056861 222 0.056861
185 2.262679 372 0.095280 186 0.047640 186 0.047640
186 2.296570 400 0.102452 200 0.051226 200 0.051226
187 2.330461 412 0.105526 206 0.052763 206 0.052763
188 2.364352 416 0.106550 208 0.053275 208 0.053275
189 2.398244 396 0.101427 198 0.050714 198 0.050714
190 2.432135 372 0.095280 186 0.047640 186 0.047640
191 2.466026 408 0.104501 204 0.052251 204 0.052251
192 2.499917 388 0.099378 194 0.049689 194 0.049689
193 2.533809 388 0.099378 194 0.049689 194 0.049689
194 2.567700 400 0.102452 200 0.051226 200 0.051226
195 2.601591 372 0.095280 186 0.047640 186 0.047640
196 2.635482 372 0.095280 186 0.047640 186 0.047640
197 2.669373 400 0.102452 200 0.051226 200 0.051226
198 2.703265 364 0.093231 182 0.046616 182 0.046616
199 2.737156 380 0.097329 190 0.048665 190 0.048665
200 2.771047 364 0.093231 182 0.046616 182 0.046616
201 2.804938 376 0.096305 188 0.048152 188 0.048152
202 2.838830 388 0.099378 194 0.049689 194 0.049689
203 2.872721 348 0.089133 174 0.044567 174 0.044567
204 2.906612 368 0.094256 184 0.047128 184 0.047128
205 2.940503 348 0.089133 174 0.044567 174 0.044567
206 2.974394 364 0.093231 182 0.046616 182 0.046616
207 3.008286 364 0.093231 182 0.046616 182 0.046616
208 3.042177 352 0.090158 176 0.045079 176 0.045079
209 3.076068 348 0.089133 174 0.044567 174 0.044567
210 3.109959 356 0.091182 178 0.045591 178 0.045591
211 3.143850 372 0.095280 186 0.047640 186 0.047640
212 3.177742 320 0.081962 160 0.040981 160 0.040981
213 3.211633 372 0.095280 186 0.047640 186 0.047640
214 3.245524 348 0.089133 174 0.044567 174 0.044567
215 3.279415 356 0.091182 178 0.045591 178 0.045591
216 3.313307 340 0.087084 170 0.043542 170 0.043542
217 3.347198 340 0.087084 170 0.043542 170 0.043542
218 3.381089 328 0.084011 164 0.042005 164 0.042005
219 3.414980 324 0.082986 162 0.041493 162 0.041493
220 3.448871 356 0.091182 178 0.045591 178 0.045591
221 3.482763 340 0.087084 170 0.043542 170 0.043542
222 3.516654 324 0.082986 162 0.041493 162 0.041493
223 3.550545 324 0.082986 162 0.041493 162 0.041493
224 3.584436 340 0.087084 170 0.043542 170 0.043542
225 3.618328 324 0.082986 162 0.041493 162 0.041493
226 3.652219 324 0.082986 162 0.041493 162 0.041493
227 3.686110 324 0.082986 162 0.041493 162 0.041493
228 3.720001 336 0.086060 168 0.043030 168 0.043030
229 3.753892 316 0.080937 158 0.040469 158 0.040469
230 3.787784 340 0.087084 170 0.043542 170 0.043542
231 3.821675 312 0.079913 156 0.039956 156 0.039956
232 3.855566 324 0.082986 162 0.041493 162 0.041493
233 3.889457 296 0.075814 148 0.037907 148 0.037907
234 3.923348 328 0.084011 164 0.042005 164 0.042005
235 3.957240 312 0.079913 156 0.039956 156 0.039956
236 3.991131 300 0.076839 150 0.038419 150 0.038419
237 4.025022 320 0.081962 160 0.040981 160 0.040981
238 4.058913 12 0.003074 6 0.001537 6 0.001537
239 4.092805 0 0.000000 0 0.000000 0 0.000000
