# filling: 0.500000
# t: 1.000000
# U: 6.000000
# intkmax: 240
# init_cond: 1
# mixing: 0.900000
# orderpara_eps: 1.000000e-12


# ene ene_0 ene_U Ave(N) N[0] N[1] Ave(DeltaN) DeltaN[0] DeltaN[1] 
     0 -0.5579379970 -0.5579379970  0.0000000000  0.5000000000  0.5000000000  0.5000000000  0.0000000000  0.5000000000 -0.5000000000 


# converged in 22 steps
    22 -0.5926956637 -0.1195820274 -0.4731136363  0.5000000000  0.5000000000  0.5000000000  0.0000000000  0.4137000451 -0.4137000451 


# SzA SzB NA NB
 0.4137000451 -0.4137000451  1.0000000000  1.0000000000 


# 3: dos
# Efermi=0.517800
# Egap= 4.96440055250843315

0 -2.303692 0 0.000000 0 0.000000 0 0.000000
1 -2.263810 16 0.003482 8 0.001741 8 0.001741
2 -2.223927 432 0.094026 216 0.047013 216 0.047013
3 -2.184045 432 0.094026 216 0.047013 216 0.047013
4 -2.144163 444 0.096638 222 0.048319 222 0.048319
5 -2.104280 456 0.099250 228 0.049625 228 0.049625
6 -2.064398 424 0.092285 212 0.046143 212 0.046143
7 -2.024515 472 0.102732 236 0.051366 236 0.051366
8 -1.984633 444 0.096638 222 0.048319 222 0.048319
9 -1.944750 480 0.104474 240 0.052237 240 0.052237
10 -1.904868 472 0.102732 236 0.051366 236 0.051366
11 -1.864985 468 0.101862 234 0.050931 234 0.050931
12 -1.825103 476 0.103603 238 0.051802 238 0.051802
13 -1.785221 488 0.106215 244 0.053107 244 0.053107
14 -1.745338 476 0.103603 238 0.051802 238 0.051802
15 -1.705456 524 0.114050 262 0.057025 262 0.057025
16 -1.665573 496 0.107956 248 0.053978 248 0.053978
17 -1.625691 484 0.105344 242 0.052672 242 0.052672
18 -1.585808 532 0.115792 266 0.057896 266 0.057896
19 -1.545926 540 0.117533 270 0.058766 270 0.058766
20 -1.506044 508 0.110568 254 0.055284 254 0.055284
21 -1.466161 560 0.121886 280 0.060943 280 0.060943
22 -1.426279 540 0.117533 270 0.058766 270 0.058766
23 -1.386396 548 0.119274 274 0.059637 274 0.059637
24 -1.346514 556 0.121015 278 0.060508 278 0.060508
25 -1.306631 564 0.122757 282 0.061378 282 0.061378
26 -1.266749 596 0.129722 298 0.064861 298 0.064861
27 -1.226866 588 0.127980 294 0.063990 294 0.063990
28 -1.186984 604 0.131463 302 0.065731 302 0.065731
29 -1.147102 624 0.135816 312 0.067908 312 0.067908
30 -1.107219 620 0.134945 310 0.067473 310 0.067473
31 -1.067337 660 0.143651 330 0.071826 330 0.071826
32 -1.027454 628 0.136686 314 0.068343 314 0.068343
33 -0.987572 676 0.147134 338 0.073567 338 0.073567
34 -0.947689 700 0.152358 350 0.076179 350 0.076179
35 -0.907807 692 0.150616 346 0.075308 346 0.075308
36 -0.867925 716 0.155840 358 0.077920 358 0.077920
37 -0.828042 744 0.161934 372 0.080967 372 0.080967
38 -0.788160 748 0.162805 374 0.081402 374 0.081402
39 -0.748277 796 0.173252 398 0.086626 398 0.086626
40 -0.708395 812 0.176735 406 0.088367 406 0.088367
41 -0.668512 852 0.185441 426 0.092720 426 0.092720
42 -0.628630 856 0.186311 428 0.093156 428 0.093156
43 -0.588747 908 0.197629 454 0.098815 454 0.098815
44 -0.548865 948 0.206336 474 0.103168 474 0.103168
45 -0.508983 1032 0.224618 516 0.112309 516 0.112309
46 -0.469100 1012 0.220265 506 0.110133 506 0.110133
47 -0.429218 1112 0.242031 556 0.121015 556 0.121015
48 -0.389335 1132 0.246384 566 0.123192 566 0.123192
49 -0.349453 1280 0.278597 640 0.139298 640 0.139298
50 -0.309570 1376 0.299491 688 0.149746 688 0.149746
51 -0.269688 1488 0.323869 744 0.161934 744 0.161934
52 -0.229806 1672 0.363917 836 0.181958 836 0.181958
53 -0.189923 1900 0.413542 950 0.206771 950 0.206771
54 -0.150041 2252 0.490156 1126 0.245078 1126 0.245078
55 -0.110158 2840 0.618136 1420 0.309068 1420 0.309068
56 -0.070276 4176 0.908921 2088 0.454461 2088 0.454461
57 -0.030393 10728 2.334988 5364 1.167494 5364 1.167494
58 0.009489 0 0.000000 0 0.000000 0 0.000000
59 0.049372 0 0.000000 0 0.000000 0 0.000000
60 0.089254 0 0.000000 0 0.000000 0 0.000000
61 0.129136 0 0.000000 0 0.000000 0 0.000000
62 0.169019 0 0.000000 0 0.000000 0 0.000000
63 0.208901 0 0.000000 0 0.000000 0 0.000000
64 0.248784 0 0.000000 0 0.000000 0 0.000000
65 0.288666 0 0.000000 0 0.000000 0 0.000000
66 0.328549 0 0.000000 0 0.000000 0 0.000000
67 0.368431 0 0.000000 0 0.000000 0 0.000000
68 0.408313 0 0.000000 0 0.000000 0 0.000000
69 0.448196 0 0.000000 0 0.000000 0 0.000000
70 0.488078 0 0.000000 0 0.000000 0 0.000000
71 0.527961 0 0.000000 0 0.000000 0 0.000000
72 0.567843 0 0.000000 0 0.000000 0 0.000000
73 0.607726 0 0.000000 0 0.000000 0 0.000000
74 0.647608 0 0.000000 0 0.000000 0 0.000000
75 0.687491 0 0.000000 0 0.000000 0 0.000000
76 0.727373 0 0.000000 0 0.000000 0 0.000000
77 0.767255 0 0.000000 0 0.000000 0 0.000000
78 0.807138 0 0.000000 0 0.000000 0 0.000000
79 0.847020 0 0.000000 0 0.000000 0 0.000000
80 0.886903 0 0.000000 0 0.000000 0 0.000000
81 0.926785 0 0.000000 0 0.000000 0 0.000000
82 0.966668 0 0.000000 0 0.000000 0 0.000000
83 1.006550 0 0.000000 0 0.000000 0 0.000000
84 1.046432 0 0.000000 0 0.000000 0 0.000000
85 1.086315 0 0.000000 0 0.000000 0 0.000000
86 1.126197 0 0.000000 0 0.000000 0 0.000000
87 1.166080 0 0.000000 0 0.000000 0 0.000000
88 1.205962 0 0.000000 0 0.000000 0 0.000000
89 1.245845 0 0.000000 0 0.000000 0 0.000000
90 1.285727 0 0.000000 0 0.000000 0 0.000000
91 1.325610 0 0.000000 0 0.000000 0 0.000000
92 1.365492 0 0.000000 0 0.000000 0 0.000000
93 1.405374 0 0.000000 0 0.000000 0 0.000000
94 1.445257 0 0.000000 0 0.000000 0 0.000000
95 1.485139 0 0.000000 0 0.000000 0 0.000000
96 1.525022 0 0.000000 0 0.000000 0 0.000000
97 1.564904 0 0.000000 0 0.000000 0 0.000000
98 1.604787 0 0.000000 0 0.000000 0 0.000000
99 1.644669 0 0.000000 0 0.000000 0 0.000000
100 1.684552 0 0.000000 0 0.000000 0 0.000000
101 1.724434 0 0.000000 0 0.000000 0 0.000000
102 1.764316 0 0.000000 0 0.000000 0 0.000000
103 1.804199 0 0.000000 0 0.000000 0 0.000000
104 1.844081 0 0.000000 0 0.000000 0 0.000000
105 1.883964 0 0.000000 0 0.000000 0 0.000000
106 1.923846 0 0.000000 0 0.000000 0 0.000000
107 1.963729 0 0.000000 0 0.000000 0 0.000000
108 2.003611 0 0.000000 0 0.000000 0 0.000000
109 2.043493 0 0.000000 0 0.000000 0 0.000000
110 2.083376 0 0.000000 0 0.000000 0 0.000000
111 2.123258 0 0.000000 0 0.000000 0 0.000000
112 2.163141 0 0.000000 0 0.000000 0 0.000000
113 2.203023 0 0.000000 0 0.000000 0 0.000000
114 2.242906 0 0.000000 0 0.000000 0 0.000000
115 2.282788 0 0.000000 0 0.000000 0 0.000000
116 2.322671 0 0.000000 0 0.000000 0 0.000000
117 2.362553 0 0.000000 0 0.000000 0 0.000000
118 2.402435 0 0.000000 0 0.000000 0 0.000000
119 2.442318 0 0.000000 0 0.000000 0 0.000000
120 2.482200 0 0.000000 0 0.000000 0 0.000000
121 2.522083 0 0.000000 0 0.000000 0 0.000000
122 2.561965 0 0.000000 0 0.000000 0 0.000000
123 2.601848 0 0.000000 0 0.000000 0 0.000000
124 2.641730 0 0.000000 0 0.000000 0 0.000000
125 2.681612 0 0.000000 0 0.000000 0 0.000000
126 2.721495 0 0.000000 0 0.000000 0 0.000000
127 2.761377 0 0.000000 0 0.000000 0 0.000000
128 2.801260 0 0.000000 0 0.000000 0 0.000000
129 2.841142 0 0.000000 0 0.000000 0 0.000000
130 2.881025 0 0.000000 0 0.000000 0 0.000000
131 2.920907 0 0.000000 0 0.000000 0 0.000000
132 2.960790 0 0.000000 0 0.000000 0 0.000000
133 3.000672 0 0.000000 0 0.000000 0 0.000000
134 3.040554 0 0.000000 0 0.000000 0 0.000000
135 3.080437 0 0.000000 0 0.000000 0 0.000000
136 3.120319 0 0.000000 0 0.000000 0 0.000000
137 3.160202 0 0.000000 0 0.000000 0 0.000000
138 3.200084 0 0.000000 0 0.000000 0 0.000000
139 3.239967 0 0.000000 0 0.000000 0 0.000000
140 3.279849 0 0.000000 0 0.000000 0 0.000000
141 3.319731 0 0.000000 0 0.000000 0 0.000000
142 3.359614 0 0.000000 0 0.000000 0 0.000000
143 3.399496 0 0.000000 0 0.000000 0 0.000000
144 3.439379 0 0.000000 0 0.000000 0 0.000000
145 3.479261 0 0.000000 0 0.000000 0 0.000000
146 3.519144 0 0.000000 0 0.000000 0 0.000000
147 3.559026 0 0.000000 0 0.000000 0 0.000000
148 3.598909 0 0.000000 0 0.000000 0 0.000000
149 3.638791 0 0.000000 0 0.000000 0 0.000000
150 3.678673 0 0.000000 0 0.000000 0 0.000000
151 3.718556 0 0.000000 0 0.000000 0 0.000000
152 3.758438 0 0.000000 0 0.000000 0 0.000000
153 3.798321 0 0.000000 0 0.000000 0 0.000000
154 3.838203 0 0.000000 0 0.000000 0 0.000000
155 3.878086 0 0.000000 0 0.000000 0 0.000000
156 3.917968 0 0.000000 0 0.000000 0 0.000000
157 3.957850 0 0.000000 0 0.000000 0 0.000000
158 3.997733 0 0.000000 0 0.000000 0 0.000000
159 4.037615 0 0.000000 0 0.000000 0 0.000000
160 4.077498 0 0.000000 0 0.000000 0 0.000000
161 4.117380 0 0.000000 0 0.000000 0 0.000000
162 4.157263 0 0.000000 0 0.000000 0 0.000000
163 4.197145 0 0.000000 0 0.000000 0 0.000000
164 4.237028 0 0.000000 0 0.000000 0 0.000000
165 4.276910 0 0.000000 0 0.000000 0 0.000000
166 4.316792 0 0.000000 0 0.000000 0 0.000000
167 4.356675 0 0.000000 0 0.000000 0 0.000000
168 4.396557 0 0.000000 0 0.000000 0 0.000000
169 4.436440 0 0.000000 0 0.000000 0 0.000000
170 4.476322 0 0.000000 0 0.000000 0 0.000000
171 4.516205 0 0.000000 0 0.000000 0 0.000000
172 4.556087 0 0.000000 0 0.000000 0 0.000000
173 4.595970 0 0.000000 0 0.000000 0 0.000000
174 4.635852 0 0.000000 0 0.000000 0 0.000000
175 4.675734 0 0.000000 0 0.000000 0 0.000000
176 4.715617 0 0.000000 0 0.000000 0 0.000000
177 4.755499 0 0.000000 0 0.000000 0 0.000000
178 4.795382 0 0.000000 0 0.000000 0 0.000000
179 4.835264 0 0.000000 0 0.000000 0 0.000000
180 4.875147 0 0.000000 0 0.000000 0 0.000000
181 4.915029 0 0.000000 0 0.000000 0 0.000000
182 4.954911 10728 2.334988 5364 1.167494 5364 1.167494
183 4.994794 4176 0.908921 2088 0.454461 2088 0.454461
184 5.034676 2840 0.618136 1420 0.309068 1420 0.309068
185 5.074559 2252 0.490156 1126 0.245078 1126 0.245078
186 5.114441 1900 0.413542 950 0.206771 950 0.206771
187 5.154324 1672 0.363917 836 0.181958 836 0.181958
188 5.194206 1488 0.323869 744 0.161934 744 0.161934
189 5.234089 1376 0.299491 688 0.149746 688 0.149746
190 5.273971 1280 0.278597 640 0.139298 640 0.139298
191 5.313853 1132 0.246384 566 0.123192 566 0.123192
192 5.353736 1112 0.242031 556 0.121015 556 0.121015
193 5.393618 1012 0.220265 506 0.110133 506 0.110133
194 5.433501 1032 0.224618 516 0.112309 516 0.112309
195 5.473383 948 0.206336 474 0.103168 474 0.103168
196 5.513266 908 0.197629 454 0.098815 454 0.098815
197 5.553148 856 0.186311 428 0.093156 428 0.093156
198 5.593030 852 0.185441 426 0.092720 426 0.092720
199 5.632913 812 0.176735 406 0.088367 406 0.088367
200 5.672795 796 0.173252 398 0.086626 398 0.086626
201 5.712678 748 0.162805 374 0.081402 374 0.081402
202 5.752560 744 0.161934 372 0.080967 372 0.080967
203 5.792443 716 0.155840 358 0.077920 358 0.077920
204 5.832325 692 0.150616 346 0.075308 346 0.075308
205 5.872208 700 0.152358 350 0.076179 350 0.076179
206 5.912090 676 0.147134 338 0.073567 338 0.073567
207 5.951972 628 0.136686 314 0.068343 314 0.068343
208 5.991855 660 0.143651 330 0.071826 330 0.071826
209 6.031737 620 0.134945 310 0.067473 310 0.067473
210 6.071620 624 0.135816 312 0.067908 312 0.067908
211 6.111502 604 0.131463 302 0.065731 302 0.065731
212 6.151385 588 0.127980 294 0.063990 294 0.063990
213 6.191267 596 0.129722 298 0.064861 298 0.064861
214 6.231149 564 0.122757 282 0.061378 282 0.061378
215 6.271032 556 0.121015 278 0.060508 278 0.060508
216 6.310914 548 0.119274 274 0.059637 274 0.059637
217 6.350797 540 0.117533 270 0.058766 270 0.058766
218 6.390679 560 0.121886 280 0.060943 280 0.060943
219 6.430562 508 0.110568 254 0.055284 254 0.055284
220 6.470444 540 0.117533 270 0.058766 270 0.058766
221 6.510327 532 0.115792 266 0.057896 266 0.057896
222 6.550209 484 0.105344 242 0.052672 242 0.052672
223 6.590091 496 0.107956 248 0.053978 248 0.053978
224 6.629974 524 0.114050 262 0.057025 262 0.057025
225 6.669856 476 0.103603 238 0.051802 238 0.051802
226 6.709739 488 0.106215 244 0.053107 244 0.053107
227 6.749621 476 0.103603 238 0.051802 238 0.051802
228 6.789504 468 0.101862 234 0.050931 234 0.050931
229 6.829386 472 0.102732 236 0.051366 236 0.051366
230 6.869268 480 0.104474 240 0.052237 240 0.052237
231 6.909151 444 0.096638 222 0.048319 222 0.048319
232 6.949033 472 0.102732 236 0.051366 236 0.051366
233 6.988916 424 0.092285 212 0.046143 212 0.046143
234 7.028798 456 0.099250 228 0.049625 228 0.049625
235 7.068681 444 0.096638 222 0.048319 222 0.048319
236 7.108563 432 0.094026 216 0.047013 216 0.047013
237 7.148446 432 0.094026 216 0.047013 216 0.047013
238 7.188328 16 0.003482 8 0.001741 8 0.001741
239 7.228210 0 0.000000 0 0.000000 0 0.000000
