# filling: 0.500000
# t: 1.000000
# U: 5.000000
# intkmax: 240
# init_cond: 1
# mixing: 0.900000
# orderpara_eps: 1.000000e-12


# ene ene_0 ene_U Ave(N) N[0] N[1] Ave(DeltaN) DeltaN[0] DeltaN[1] 
     0 -0.6343225330 -0.6343225330  0.0000000000  0.5000000000  0.5000000000  0.5000000000  0.0000000000  0.5000000000 -0.5000000000 


# converged in 26 steps
    26 -0.6819737982 -0.1777412631 -0.5042325351  0.5000000000  0.5000000000  0.5000000000  0.0000000000  0.3862039526 -0.3862039526 


# SzA SzB NA NB
 0.3862039526 -0.3862039526  1.0000000000  1.0000000000 


# 3: dos
# Efermi=0.568980
# Egap= 3.86203954079804435

0 -2.584568 0 0.000000 0 0.000000 0 0.000000
1 -2.546938 12 0.002768 6 0.001384 6 0.001384
2 -2.509308 380 0.087659 190 0.043830 190 0.043830
3 -2.471678 396 0.091350 198 0.045675 198 0.045675
4 -2.434048 388 0.089505 194 0.044752 194 0.044752
5 -2.396418 392 0.090428 196 0.045214 196 0.045214
6 -2.358788 408 0.094118 204 0.047059 204 0.047059
7 -2.321158 372 0.085814 186 0.042907 186 0.042907
8 -2.283528 408 0.094118 204 0.047059 204 0.047059
9 -2.245898 424 0.097809 212 0.048905 212 0.048905
10 -2.208269 404 0.093196 202 0.046598 202 0.046598
11 -2.170639 404 0.093196 202 0.046598 202 0.046598
12 -2.133009 432 0.099655 216 0.049827 216 0.049827
13 -2.095379 412 0.095041 206 0.047521 206 0.047521
14 -2.057749 436 0.100578 218 0.050289 218 0.050289
15 -2.020119 412 0.095041 206 0.047521 206 0.047521
16 -1.982489 444 0.102423 222 0.051212 222 0.051212
17 -1.944859 416 0.095964 208 0.047982 208 0.047982
18 -1.907229 460 0.106114 230 0.053057 230 0.053057
19 -1.869600 444 0.102423 222 0.051212 222 0.051212
20 -1.831970 436 0.100578 218 0.050289 218 0.050289
21 -1.794340 460 0.106114 230 0.053057 230 0.053057
22 -1.756710 444 0.102423 222 0.051212 222 0.051212
23 -1.719080 476 0.109805 238 0.054902 238 0.054902
24 -1.681450 476 0.109805 238 0.054902 238 0.054902
25 -1.643820 452 0.104268 226 0.052134 226 0.052134
26 -1.606190 484 0.111650 242 0.055825 242 0.055825
27 -1.568560 500 0.115341 250 0.057671 250 0.057671
28 -1.530930 484 0.111650 242 0.055825 242 0.055825
29 -1.493301 492 0.113496 246 0.056748 246 0.056748
30 -1.455671 492 0.113496 246 0.056748 246 0.056748
31 -1.418041 516 0.119032 258 0.059516 258 0.059516
32 -1.380411 504 0.116264 252 0.058132 252 0.058132
33 -1.342781 532 0.122723 266 0.061362 266 0.061362
34 -1.305151 516 0.119032 258 0.059516 258 0.059516
35 -1.267521 556 0.128259 278 0.064130 278 0.064130
36 -1.229891 556 0.128259 278 0.064130 278 0.064130
37 -1.192261 572 0.131950 286 0.065975 286 0.065975
38 -1.154632 564 0.130105 282 0.065052 282 0.065052
39 -1.117002 572 0.131950 286 0.065975 286 0.065975
40 -1.079372 572 0.131950 286 0.065975 286 0.065975
41 -1.041742 572 0.131950 286 0.065975 286 0.065975
42 -1.004112 604 0.139332 302 0.069666 302 0.069666
43 -0.966482 636 0.146714 318 0.073357 318 0.073357
44 -0.928852 644 0.148559 322 0.074280 322 0.074280
45 -0.891222 660 0.152250 330 0.076125 330 0.076125
46 -0.853592 660 0.152250 330 0.076125 330 0.076125
47 -0.815963 676 0.155941 338 0.077971 338 0.077971
48 -0.778333 676 0.155941 338 0.077971 338 0.077971
49 -0.740703 716 0.165169 358 0.082584 358 0.082584
50 -0.703073 780 0.179932 390 0.089966 390 0.089966
51 -0.665443 772 0.178087 386 0.089043 386 0.089043
52 -0.627813 780 0.179932 390 0.089966 390 0.089966
53 -0.590183 772 0.178087 386 0.089043 386 0.089043
54 -0.552553 888 0.204846 444 0.102423 444 0.102423
55 -0.514923 900 0.207614 450 0.103807 450 0.103807
56 -0.477293 892 0.205769 446 0.102884 446 0.102884
57 -0.439664 956 0.220532 478 0.110266 478 0.110266
58 -0.402034 1056 0.243601 528 0.121800 528 0.121800
59 -0.364404 1068 0.246369 534 0.123184 534 0.123184
60 -0.326774 1192 0.274973 596 0.137487 596 0.137487
61 -0.289144 1200 0.276819 600 0.138409 600 0.138409
62 -0.251514 1436 0.331260 718 0.165630 718 0.165630
63 -0.213884 1540 0.355251 770 0.177625 770 0.177625
64 -0.176254 1736 0.400465 868 0.200232 868 0.200232
65 -0.138624 2076 0.478897 1038 0.239448 1038 0.239448
66 -0.100995 2556 0.589624 1278 0.294812 1278 0.294812
67 -0.063365 3984 0.919039 1992 0.459519 1992 0.459519
68 -0.025735 9072 2.092751 4536 1.046376 4536 1.046376
69 0.011895 0 0.000000 0 0.000000 0 0.000000
70 0.049525 0 0.000000 0 0.000000 0 0.000000
71 0.087155 0 0.000000 0 0.000000 0 0.000000
72 0.124785 0 0.000000 0 0.000000 0 0.000000
73 0.162415 0 0.000000 0 0.000000 0 0.000000
74 0.200045 0 0.000000 0 0.000000 0 0.000000
75 0.237675 0 0.000000 0 0.000000 0 0.000000
76 0.275304 0 0.000000 0 0.000000 0 0.000000
77 0.312934 0 0.000000 0 0.000000 0 0.000000
78 0.350564 0 0.000000 0 0.000000 0 0.000000
79 0.388194 0 0.000000 0 0.000000 0 0.000000
80 0.425824 0 0.000000 0 0.000000 0 0.000000
81 0.463454 0 0.000000 0 0.000000 0 0.000000
82 0.501084 0 0.000000 0 0.000000 0 0.000000
83 0.538714 0 0.000000 0 0.000000 0 0.000000
84 0.576344 0 0.000000 0 0.000000 0 0.000000
85 0.613973 0 0.000000 0 0.000000 0 0.000000
86 0.651603 0 0.000000 0 0.000000 0 0.000000
87 0.689233 0 0.000000 0 0.000000 0 0.000000
88 0.726863 0 0.000000 0 0.000000 0 0.000000
89 0.764493 0 0.000000 0 0.000000 0 0.000000
90 0.802123 0 0.000000 0 0.000000 0 0.000000
91 0.839753 0 0.000000 0 0.000000 0 0.000000
92 0.877383 0 0.000000 0 0.000000 0 0.000000
93 0.915013 0 0.000000 0 0.000000 0 0.000000
94 0.952643 0 0.000000 0 0.000000 0 0.000000
95 0.990272 0 0.000000 0 0.000000 0 0.000000
96 1.027902 0 0.000000 0 0.000000 0 0.000000
97 1.065532 0 0.000000 0 0.000000 0 0.000000
98 1.103162 0 0.000000 0 0.000000 0 0.000000
99 1.140792 0 0.000000 0 0.000000 0 0.000000
100 1.178422 0 0.000000 0 0.000000 0 0.000000
101 1.216052 0 0.000000 0 0.000000 0 0.000000
102 1.253682 0 0.000000 0 0.000000 0 0.000000
103 1.291312 0 0.000000 0 0.000000 0 0.000000
104 1.328941 0 0.000000 0 0.000000 0 0.000000
105 1.366571 0 0.000000 0 0.000000 0 0.000000
106 1.404201 0 0.000000 0 0.000000 0 0.000000
107 1.441831 0 0.000000 0 0.000000 0 0.000000
108 1.479461 0 0.000000 0 0.000000 0 0.000000
109 1.517091 0 0.000000 0 0.000000 0 0.000000
110 1.554721 0 0.000000 0 0.000000 0 0.000000
111 1.592351 0 0.000000 0 0.000000 0 0.000000
112 1.629981 0 0.000000 0 0.000000 0 0.000000
113 1.667611 0 0.000000 0 0.000000 0 0.000000
114 1.705240 0 0.000000 0 0.000000 0 0.000000
115 1.742870 0 0.000000 0 0.000000 0 0.000000
116 1.780500 0 0.000000 0 0.000000 0 0.000000
117 1.818130 0 0.000000 0 0.000000 0 0.000000
118 1.855760 0 0.000000 0 0.000000 0 0.000000
119 1.893390 0 0.000000 0 0.000000 0 0.000000
120 1.931020 0 0.000000 0 0.000000 0 0.000000
121 1.968650 0 0.000000 0 0.000000 0 0.000000
122 2.006280 0 0.000000 0 0.000000 0 0.000000
123 2.043909 0 0.000000 0 0.000000 0 0.000000
124 2.081539 0 0.000000 0 0.000000 0 0.000000
125 2.119169 0 0.000000 0 0.000000 0 0.000000
126 2.156799 0 0.000000 0 0.000000 0 0.000000
127 2.194429 0 0.000000 0 0.000000 0 0.000000
128 2.232059 0 0.000000 0 0.000000 0 0.000000
129 2.269689 0 0.000000 0 0.000000 0 0.000000
130 2.307319 0 0.000000 0 0.000000 0 0.000000
131 2.344949 0 0.000000 0 0.000000 0 0.000000
132 2.382579 0 0.000000 0 0.000000 0 0.000000
133 2.420208 0 0.000000 0 0.000000 0 0.000000
134 2.457838 0 0.000000 0 0.000000 0 0.000000
135 2.495468 0 0.000000 0 0.000000 0 0.000000
136 2.533098 0 0.000000 0 0.000000 0 0.000000
137 2.570728 0 0.000000 0 0.000000 0 0.000000
138 2.608358 0 0.000000 0 0.000000 0 0.000000
139 2.645988 0 0.000000 0 0.000000 0 0.000000
140 2.683618 0 0.000000 0 0.000000 0 0.000000
141 2.721248 0 0.000000 0 0.000000 0 0.000000
142 2.758877 0 0.000000 0 0.000000 0 0.000000
143 2.796507 0 0.000000 0 0.000000 0 0.000000
144 2.834137 0 0.000000 0 0.000000 0 0.000000
145 2.871767 0 0.000000 0 0.000000 0 0.000000
146 2.909397 0 0.000000 0 0.000000 0 0.000000
147 2.947027 0 0.000000 0 0.000000 0 0.000000
148 2.984657 0 0.000000 0 0.000000 0 0.000000
149 3.022287 0 0.000000 0 0.000000 0 0.000000
150 3.059917 0 0.000000 0 0.000000 0 0.000000
151 3.097546 0 0.000000 0 0.000000 0 0.000000
152 3.135176 0 0.000000 0 0.000000 0 0.000000
153 3.172806 0 0.000000 0 0.000000 0 0.000000
154 3.210436 0 0.000000 0 0.000000 0 0.000000
155 3.248066 0 0.000000 0 0.000000 0 0.000000
156 3.285696 0 0.000000 0 0.000000 0 0.000000
157 3.323326 0 0.000000 0 0.000000 0 0.000000
158 3.360956 0 0.000000 0 0.000000 0 0.000000
159 3.398586 0 0.000000 0 0.000000 0 0.000000
160 3.436216 0 0.000000 0 0.000000 0 0.000000
161 3.473845 0 0.000000 0 0.000000 0 0.000000
162 3.511475 0 0.000000 0 0.000000 0 0.000000
163 3.549105 0 0.000000 0 0.000000 0 0.000000
164 3.586735 0 0.000000 0 0.000000 0 0.000000
165 3.624365 0 0.000000 0 0.000000 0 0.000000
166 3.661995 0 0.000000 0 0.000000 0 0.000000
167 3.699625 0 0.000000 0 0.000000 0 0.000000
168 3.737255 0 0.000000 0 0.000000 0 0.000000
169 3.774885 0 0.000000 0 0.000000 0 0.000000
170 3.812514 0 0.000000 0 0.000000 0 0.000000
171 3.850144 9072 2.092751 4536 1.046376 4536 1.046376
172 3.887774 3984 0.919039 1992 0.459519 1992 0.459519
173 3.925404 2556 0.589624 1278 0.294812 1278 0.294812
174 3.963034 2076 0.478897 1038 0.239448 1038 0.239448
175 4.000664 1736 0.400465 868 0.200232 868 0.200232
176 4.038294 1540 0.355251 770 0.177625 770 0.177625
177 4.075924 1436 0.331260 718 0.165630 718 0.165630
178 4.113554 1200 0.276819 600 0.138409 600 0.138409
179 4.151184 1192 0.274973 596 0.137487 596 0.137487
180 4.188813 1068 0.246369 534 0.123184 534 0.123184
181 4.226443 1056 0.243601 528 0.121800 528 0.121800
182 4.264073 956 0.220532 478 0.110266 478 0.110266
183 4.301703 892 0.205769 446 0.102884 446 0.102884
184 4.339333 900 0.207614 450 0.103807 450 0.103807
185 4.376963 888 0.204846 444 0.102423 444 0.102423
186 4.414593 772 0.178087 386 0.089043 386 0.089043
187 4.452223 780 0.179932 390 0.089966 390 0.089966
188 4.489853 772 0.178087 386 0.089043 386 0.089043
189 4.527482 780 0.179932 390 0.089966 390 0.089966
190 4.565112 716 0.165169 358 0.082584 358 0.082584
191 4.602742 676 0.155941 338 0.077971 338 0.077971
192 4.640372 676 0.155941 338 0.077971 338 0.077971
193 4.678002 660 0.152250 330 0.076125 330 0.076125
194 4.715632 660 0.152250 330 0.076125 330 0.076125
195 4.753262 644 0.148559 322 0.074280 322 0.074280
196 4.790892 636 0.146714 318 0.073357 318 0.073357
197 4.828522 604 0.139332 302 0.069666 302 0.069666
198 4.866152 572 0.131950 286 0.065975 286 0.065975
199 4.903781 572 0.131950 286 0.065975 286 0.065975
200 4.941411 572 0.131950 286 0.065975 286 0.065975
201 4.979041 564 0.130105 282 0.065052 282 0.065052
202 5.016671 572 0.131950 286 0.065975 286 0.065975
203 5.054301 556 0.128259 278 0.064130 278 0.064130
204 5.091931 556 0.128259 278 0.064130 278 0.064130
205 5.129561 516 0.119032 258 0.059516 258 0.059516
206 5.167191 532 0.122723 266 0.061362 266 0.061362
207 5.204821 504 0.116264 252 0.058132 252 0.058132
208 5.242450 516 0.119032 258 0.059516 258 0.059516
209 5.280080 492 0.113496 246 0.056748 246 0.056748
210 5.317710 492 0.113496 246 0.056748 246 0.056748
211 5.355340 484 0.111650 242 0.055825 242 0.055825
212 5.392970 500 0.115341 250 0.057671 250 0.057671
213 5.430600 484 0.111650 242 0.055825 242 0.055825
214 5.468230 452 0.104268 226 0.052134 226 0.052134
215 5.505860 476 0.109805 238 0.054902 238 0.054902
216 5.543490 476 0.109805 238 0.054902 238 0.054902
217 5.581120 444 0.102423 222 0.051212 222 0.051212
218 5.618749 460 0.106114 230 0.053057 230 0.053057
219 5.656379 436 0.100578 218 0.050289 218 0.050289
220 5.694009 444 0.102423 222 0.051212 222 0.051212
221 5.731639 460 0.106114 230 0.053057 230 0.053057
222 5.769269 416 0.095964 208 0.047982 208 0.047982
223 5.806899 444 0.102423 222 0.051212 222 0.051212
224 5.844529 412 0.095041 206 0.047521 206 0.047521
225 5.882159 436 0.100578 218 0.050289 218 0.050289
226 5.919789 412 0.095041 206 0.047521 206 0.047521
227 5.957418 432 0.099655 216 0.049827 216 0.049827
228 5.995048 404 0.093196 202 0.046598 202 0.046598
229 6.032678 404 0.093196 202 0.046598 202 0.046598
230 6.070308 424 0.097809 212 0.048905 212 0.048905
231 6.107938 408 0.094118 204 0.047059 204 0.047059
232 6.145568 372 0.085814 186 0.042907 186 0.042907
233 6.183198 408 0.094118 204 0.047059 204 0.047059
234 6.220828 392 0.090428 196 0.045214 196 0.045214
235 6.258458 388 0.089505 194 0.044752 194 0.044752
236 6.296087 396 0.091350 198 0.045675 198 0.045675
237 6.333717 380 0.087659 190 0.043830 190 0.043830
238 6.371347 12 0.002768 6 0.001384 6 0.001384
239 6.408977 0 0.000000 0 0.000000 0 0.000000
