# filling: 0.500000
# t: 1.000000
# U: 0.000000
# intkmax: 240
# init_cond: 1
# mixing: 0.900000
# orderpara_eps: 1.000000e-12


# ene ene_0 ene_U Ave(N) N[0] N[1] Ave(DeltaN) DeltaN[0] DeltaN[1] 
     0 -1.6211620866 -1.6211620866  0.0000000000  0.5000000000  0.5000000000  0.5000000000  0.0000000000  0.5000000000 -0.5000000000 


# converged in 12 steps
    12 -1.6211620866 -1.6211620866  0.0000000000  0.5000000000  0.5000000000  0.5000000000  0.0000000000  0.0000000000  0.0000000000 


# SzA SzB NA NB
 0.0000000000  0.0000000000  1.0000000000  1.0000000000 


# 3: dos
# Efermi=-0.000171
# Egap= 0.00034268970397200

0 -4.066321 0 0.000000 0 0.000000 0 0.000000
1 -4.032434 12 0.003074 6 0.001537 6 0.001537
2 -3.998546 320 0.081971 160 0.040985 160 0.040985
3 -3.964659 300 0.076848 150 0.038424 150 0.038424
4 -3.930771 312 0.079921 156 0.039961 156 0.039961
5 -3.896884 328 0.084020 164 0.042010 164 0.042010
6 -3.862996 296 0.075823 148 0.037911 148 0.037911
7 -3.829109 324 0.082995 162 0.041498 162 0.041498
8 -3.795222 312 0.079921 156 0.039961 156 0.039961
9 -3.761334 340 0.087094 170 0.043547 170 0.043547
10 -3.727447 316 0.080946 158 0.040473 158 0.040473
11 -3.693559 336 0.086069 168 0.043035 168 0.043035
12 -3.659672 316 0.080946 158 0.040473 158 0.040473
13 -3.625784 332 0.085045 166 0.042522 166 0.042522
14 -3.591897 324 0.082995 162 0.041498 162 0.041498
15 -3.558010 340 0.087094 170 0.043547 170 0.043547
16 -3.524122 324 0.082995 162 0.041498 162 0.041498
17 -3.490235 324 0.082995 162 0.041498 162 0.041498
18 -3.456347 340 0.087094 170 0.043547 170 0.043547
19 -3.422460 356 0.091192 178 0.045596 178 0.045596
20 -3.388572 324 0.082995 162 0.041498 162 0.041498
21 -3.354685 328 0.084020 164 0.042010 164 0.042010
22 -3.320798 340 0.087094 170 0.043547 170 0.043547
23 -3.286910 332 0.085045 166 0.042522 166 0.042522
24 -3.253023 364 0.093242 182 0.046621 182 0.046621
25 -3.219135 348 0.089143 174 0.044572 174 0.044572
26 -3.185248 372 0.095291 186 0.047645 186 0.047645
27 -3.151360 320 0.081971 160 0.040985 160 0.040985
28 -3.117473 372 0.095291 186 0.047645 186 0.047645
29 -3.083585 356 0.091192 178 0.045596 178 0.045596
30 -3.049698 348 0.089143 174 0.044572 174 0.044572
31 -3.015811 352 0.090168 176 0.045084 176 0.045084
32 -2.981923 364 0.093242 182 0.046621 182 0.046621
33 -2.948036 356 0.091192 178 0.045596 178 0.045596
34 -2.914148 348 0.089143 174 0.044572 174 0.044572
35 -2.880261 360 0.092217 180 0.046109 180 0.046109
36 -2.846373 364 0.093242 182 0.046621 182 0.046621
37 -2.812486 380 0.097340 190 0.048670 190 0.048670
38 -2.778599 368 0.094266 184 0.047133 184 0.047133
39 -2.744711 380 0.097340 190 0.048670 190 0.048670
40 -2.710824 380 0.097340 190 0.048670 190 0.048670
41 -2.676936 360 0.092217 180 0.046109 180 0.046109
42 -2.643049 396 0.101439 198 0.050719 198 0.050719
43 -2.609161 372 0.095291 186 0.047645 186 0.047645
44 -2.575274 372 0.095291 186 0.047645 186 0.047645
45 -2.541386 408 0.104513 204 0.052256 204 0.052256
46 -2.507499 388 0.099390 194 0.049695 194 0.049695
47 -2.473612 388 0.099390 194 0.049695 194 0.049695
48 -2.439724 400 0.102463 200 0.051232 200 0.051232
49 -2.405837 372 0.095291 186 0.047645 186 0.047645
50 -2.371949 388 0.099390 194 0.049695 194 0.049695
51 -2.338062 432 0.110660 216 0.055330 216 0.055330
52 -2.304174 396 0.101439 198 0.050719 198 0.050719
53 -2.270287 408 0.104513 204 0.052256 204 0.052256
54 -2.236400 380 0.097340 190 0.048670 190 0.048670
55 -2.202512 444 0.113734 222 0.056867 222 0.056867
56 -2.168625 400 0.102463 200 0.051232 200 0.051232
57 -2.134737 420 0.107587 210 0.053793 210 0.053793
58 -2.100850 412 0.105537 206 0.052769 206 0.052769
59 -2.066962 408 0.104513 204 0.052256 204 0.052256
60 -2.033075 444 0.113734 222 0.056867 222 0.056867
61 -1.999187 428 0.109636 214 0.054818 214 0.054818
62 -1.965300 392 0.100414 196 0.050207 196 0.050207
63 -1.931413 460 0.117833 230 0.058916 230 0.058916
64 -1.897525 452 0.115784 226 0.057892 226 0.057892
65 -1.863638 464 0.118858 232 0.059429 232 0.059429
66 -1.829750 404 0.103488 202 0.051744 202 0.051744
67 -1.795863 460 0.117833 230 0.058916 230 0.058916
68 -1.761975 480 0.122956 240 0.061478 240 0.061478
69 -1.728088 436 0.111685 218 0.055843 218 0.055843
70 -1.694201 444 0.113734 222 0.056867 222 0.056867
71 -1.660313 488 0.125005 244 0.062503 244 0.062503
72 -1.626426 452 0.115784 226 0.057892 226 0.057892
73 -1.592538 440 0.112710 220 0.056355 220 0.056355
74 -1.558651 500 0.128079 250 0.064040 250 0.064040
75 -1.524763 492 0.126030 246 0.063015 246 0.063015
76 -1.490876 440 0.112710 220 0.056355 220 0.056355
77 -1.456988 532 0.136276 266 0.068138 266 0.068138
78 -1.423101 500 0.128079 250 0.064040 250 0.064040
79 -1.389214 452 0.115784 226 0.057892 226 0.057892
80 -1.355326 496 0.127055 248 0.063527 248 0.063527
81 -1.321439 532 0.136276 266 0.068138 266 0.068138
82 -1.287551 508 0.130129 254 0.065064 254 0.065064
83 -1.253664 496 0.127055 248 0.063527 248 0.063527
84 -1.219776 532 0.136276 266 0.068138 266 0.068138
85 -1.185889 524 0.134227 262 0.067114 262 0.067114
86 -1.152002 496 0.127055 248 0.063527 248 0.063527
87 -1.118114 572 0.146523 286 0.073261 286 0.073261
88 -1.084227 556 0.142424 278 0.071212 278 0.071212
89 -1.050339 500 0.128079 250 0.064040 250 0.064040
90 -1.016452 584 0.149597 292 0.074798 292 0.074798
91 -0.982564 580 0.148572 290 0.074286 290 0.074286
92 -0.948677 524 0.134227 262 0.067114 262 0.067114
93 -0.914789 604 0.154720 302 0.077360 302 0.077360
94 -0.880902 584 0.149597 292 0.074798 292 0.074798
95 -0.847015 548 0.140375 274 0.070187 274 0.070187
96 -0.813127 644 0.164966 322 0.082483 322 0.082483
97 -0.779240 596 0.152670 298 0.076335 298 0.076335
98 -0.745352 580 0.148572 290 0.074286 290 0.074286
99 -0.711465 676 0.173163 338 0.086582 338 0.086582
100 -0.677577 616 0.157794 308 0.078897 308 0.078897
101 -0.643690 604 0.154720 302 0.077360 302 0.077360
102 -0.609803 716 0.183409 358 0.091705 358 0.091705
103 -0.575915 660 0.169065 330 0.084532 330 0.084532
104 -0.542028 652 0.167015 326 0.083508 326 0.083508
105 -0.508140 716 0.183409 358 0.091705 358 0.091705
106 -0.474253 692 0.177262 346 0.088631 346 0.088631
107 -0.440365 716 0.183409 358 0.091705 358 0.091705
108 -0.406478 764 0.195705 382 0.097853 382 0.097853
109 -0.372590 684 0.175212 342 0.087606 342 0.087606
110 -0.338703 800 0.204927 400 0.102463 400 0.102463
111 -0.304816 828 0.212099 414 0.106050 414 0.106050
112 -0.270928 732 0.187508 366 0.093754 366 0.093754
113 -0.237041 928 0.237715 464 0.118858 464 0.118858
114 -0.203153 908 0.232592 454 0.116296 454 0.116296
115 -0.169266 800 0.204927 400 0.102463 400 0.102463
116 -0.135378 1064 0.272553 532 0.136276 532 0.136276
117 -0.101491 1088 0.278700 544 0.139350 544 0.139350
118 -0.067604 956 0.244888 478 0.122444 478 0.122444
119 -0.033716 1532 0.392435 766 0.196217 766 0.196217
120 0.000171 1532 0.392435 766 0.196217 766 0.196217
121 0.034059 956 0.244888 478 0.122444 478 0.122444
122 0.067946 1088 0.278700 544 0.139350 544 0.139350
123 0.101834 1064 0.272553 532 0.136276 532 0.136276
124 0.135721 800 0.204927 400 0.102463 400 0.102463
125 0.169609 908 0.232592 454 0.116296 454 0.116296
126 0.203496 928 0.237715 464 0.118858 464 0.118858
127 0.237383 732 0.187508 366 0.093754 366 0.093754
128 0.271271 828 0.212099 414 0.106050 414 0.106050
129 0.305158 800 0.204927 400 0.102463 400 0.102463
130 0.339046 684 0.175212 342 0.087606 342 0.087606
131 0.372933 764 0.195705 382 0.097853 382 0.097853
132 0.406821 716 0.183409 358 0.091705 358 0.091705
133 0.440708 692 0.177262 346 0.088631 346 0.088631
134 0.474595 716 0.183409 358 0.091705 358 0.091705
135 0.508483 652 0.167015 326 0.083508 326 0.083508
136 0.542370 660 0.169065 330 0.084532 330 0.084532
137 0.576258 716 0.183409 358 0.091705 358 0.091705
138 0.610145 604 0.154720 302 0.077360 302 0.077360
139 0.644033 616 0.157794 308 0.078897 308 0.078897
140 0.677920 676 0.173163 338 0.086582 338 0.086582
141 0.711808 580 0.148572 290 0.074286 290 0.074286
142 0.745695 596 0.152670 298 0.076335 298 0.076335
143 0.779582 644 0.164966 322 0.082483 322 0.082483
144 0.813470 548 0.140375 274 0.070187 274 0.070187
145 0.847357 584 0.149597 292 0.074798 292 0.074798
146 0.881245 604 0.154720 302 0.077360 302 0.077360
147 0.915132 524 0.134227 262 0.067114 262 0.067114
148 0.949020 580 0.148572 290 0.074286 290 0.074286
149 0.982907 584 0.149597 292 0.074798 292 0.074798
150 1.016794 500 0.128079 250 0.064040 250 0.064040
151 1.050682 556 0.142424 278 0.071212 278 0.071212
152 1.084569 572 0.146523 286 0.073261 286 0.073261
153 1.118457 496 0.127055 248 0.063527 248 0.063527
154 1.152344 524 0.134227 262 0.067114 262 0.067114
155 1.186232 532 0.136276 266 0.068138 266 0.068138
156 1.220119 496 0.127055 248 0.063527 248 0.063527
157 1.254007 508 0.130129 254 0.065064 254 0.065064
158 1.287894 532 0.136276 266 0.068138 266 0.068138
159 1.321781 496 0.127055 248 0.063527 248 0.063527
160 1.355669 452 0.115784 226 0.057892 226 0.057892
161 1.389556 500 0.128079 250 0.064040 250 0.064040
162 1.423444 532 0.136276 266 0.068138 266 0.068138
163 1.457331 440 0.112710 220 0.056355 220 0.056355
164 1.491219 492 0.126030 246 0.063015 246 0.063015
165 1.525106 500 0.128079 250 0.064040 250 0.064040
166 1.558993 440 0.112710 220 0.056355 220 0.056355
167 1.592881 452 0.115784 226 0.057892 226 0.057892
168 1.626768 488 0.125005 244 0.062503 244 0.062503
169 1.660656 444 0.113734 222 0.056867 222 0.056867
170 1.694543 436 0.111685 218 0.055843 218 0.055843
171 1.728431 480 0.122956 240 0.061478 240 0.061478
172 1.762318 460 0.117833 230 0.058916 230 0.058916
173 1.796206 404 0.103488 202 0.051744 202 0.051744
174 1.830093 464 0.118858 232 0.059429 232 0.059429
175 1.863980 452 0.115784 226 0.057892 226 0.057892
176 1.897868 460 0.117833 230 0.058916 230 0.058916
177 1.931755 392 0.100414 196 0.050207 196 0.050207
178 1.965643 428 0.109636 214 0.054818 214 0.054818
179 1.999530 444 0.113734 222 0.056867 222 0.056867
180 2.033418 408 0.104513 204 0.052256 204 0.052256
181 2.067305 412 0.105537 206 0.052769 206 0.052769
182 2.101192 420 0.107587 210 0.053793 210 0.053793
183 2.135080 400 0.102463 200 0.051232 200 0.051232
184 2.168967 444 0.113734 222 0.056867 222 0.056867
185 2.202855 380 0.097340 190 0.048670 190 0.048670
186 2.236742 408 0.104513 204 0.052256 204 0.052256
187 2.270630 396 0.101439 198 0.050719 198 0.050719
188 2.304517 432 0.110660 216 0.055330 216 0.055330
189 2.338405 388 0.099390 194 0.049695 194 0.049695
190 2.372292 372 0.095291 186 0.047645 186 0.047645
191 2.406179 400 0.102463 200 0.051232 200 0.051232
192 2.440067 388 0.099390 194 0.049695 194 0.049695
193 2.473954 388 0.099390 194 0.049695 194 0.049695
194 2.507842 408 0.104513 204 0.052256 204 0.052256
195 2.541729 372 0.095291 186 0.047645 186 0.047645
196 2.575617 372 0.095291 186 0.047645 186 0.047645
197 2.609504 396 0.101439 198 0.050719 198 0.050719
198 2.643391 360 0.092217 180 0.046109 180 0.046109
199 2.677279 380 0.097340 190 0.048670 190 0.048670
200 2.711166 380 0.097340 190 0.048670 190 0.048670
201 2.745054 368 0.094266 184 0.047133 184 0.047133
202 2.778941 380 0.097340 190 0.048670 190 0.048670
203 2.812829 364 0.093242 182 0.046621 182 0.046621
204 2.846716 360 0.092217 180 0.046109 180 0.046109
205 2.880604 348 0.089143 174 0.044572 174 0.044572
206 2.914491 356 0.091192 178 0.045596 178 0.045596
207 2.948378 364 0.093242 182 0.046621 182 0.046621
208 2.982266 352 0.090168 176 0.045084 176 0.045084
209 3.016153 348 0.089143 174 0.044572 174 0.044572
210 3.050041 356 0.091192 178 0.045596 178 0.045596
211 3.083928 372 0.095291 186 0.047645 186 0.047645
212 3.117816 320 0.081971 160 0.040985 160 0.040985
213 3.151703 372 0.095291 186 0.047645 186 0.047645
214 3.185590 348 0.089143 174 0.044572 174 0.044572
215 3.219478 364 0.093242 182 0.046621 182 0.046621
216 3.253365 332 0.085045 166 0.042522 166 0.042522
217 3.287253 340 0.087094 170 0.043547 170 0.043547
218 3.321140 328 0.084020 164 0.042010 164 0.042010
219 3.355028 324 0.082995 162 0.041498 162 0.041498
220 3.388915 356 0.091192 178 0.045596 178 0.045596
221 3.422803 340 0.087094 170 0.043547 170 0.043547
222 3.456690 324 0.082995 162 0.041498 162 0.041498
223 3.490577 324 0.082995 162 0.041498 162 0.041498
224 3.524465 340 0.087094 170 0.043547 170 0.043547
225 3.558352 324 0.082995 162 0.041498 162 0.041498
226 3.592240 332 0.085045 166 0.042522 166 0.042522
227 3.626127 316 0.080946 158 0.040473 158 0.040473
228 3.660015 336 0.086069 168 0.043035 168 0.043035
229 3.693902 316 0.080946 158 0.040473 158 0.040473
230 3.727789 340 0.087094 170 0.043547 170 0.043547
231 3.761677 312 0.079921 156 0.039961 156 0.039961
232 3.795564 324 0.082995 162 0.041498 162 0.041498
233 3.829452 296 0.075823 148 0.037911 148 0.037911
234 3.863339 328 0.084020 164 0.042010 164 0.042010
235 3.897227 312 0.079921 156 0.039961 156 0.039961
236 3.931114 300 0.076848 150 0.038424 150 0.038424
237 3.965001 320 0.081971 160 0.040985 160 0.040985
238 3.998889 12 0.003074 6 0.001537 6 0.001537
239 4.032776 0 0.000000 0 0.000000 0 0.000000
