# filling: 0.500000
# t: 1.000000
# U: 7.000000
# intkmax: 240
# init_cond: 1
# mixing: 0.900000
# orderpara_eps: 1.000000e-12


# ene ene_0 ene_U Ave(N) N[0] N[1] Ave(DeltaN) DeltaN[0] DeltaN[1] 
     0 -0.4966075069 -0.4966075069  0.0000000000  0.5000000000  0.5000000000  0.5000000000  0.0000000000  0.5000000000 -0.5000000000 


# converged in 20 steps
    20 -0.5223212801 -0.0833031650 -0.4390181151  0.5000000000  0.5000000000  0.5000000000  0.0000000000  0.4327622054 -0.4327622054 


# SzA SzB NA NB
 0.4327622054 -0.4327622054  1.0000000000  1.0000000000 


# 3: dos
# Efermi=0.470665
# Egap= 6.05867088525254438

0 -2.071809 0 0.000000 0 0.000000 0 0.000000
1 -2.029300 16 0.003267 8 0.001634 8 0.001634
2 -1.986790 484 0.098834 242 0.049417 242 0.049417
3 -1.944281 520 0.106185 260 0.053093 260 0.053093
4 -1.901771 500 0.102101 250 0.051051 250 0.051051
5 -1.859262 496 0.101284 248 0.050642 248 0.050642
6 -1.816752 512 0.104552 256 0.052276 256 0.052276
7 -1.774243 544 0.111086 272 0.055543 272 0.055543
8 -1.731733 528 0.107819 264 0.053909 264 0.053909
9 -1.689224 536 0.109453 268 0.054726 268 0.054726
10 -1.646714 516 0.105369 258 0.052684 258 0.052684
11 -1.604204 568 0.115987 284 0.057994 284 0.057994
12 -1.561695 576 0.117621 288 0.058810 288 0.058810
13 -1.519185 580 0.118437 290 0.059219 290 0.059219
14 -1.476676 576 0.117621 288 0.058810 288 0.058810
15 -1.434166 588 0.120071 294 0.060036 294 0.060036
16 -1.391657 588 0.120071 294 0.060036 294 0.060036
17 -1.349147 608 0.124155 304 0.062078 304 0.062078
18 -1.306638 652 0.133140 326 0.066570 326 0.066570
19 -1.264128 620 0.126606 310 0.063303 310 0.063303
20 -1.221619 632 0.129056 316 0.064528 316 0.064528
21 -1.179109 660 0.134774 330 0.067387 330 0.067387
22 -1.136600 692 0.141308 346 0.070654 346 0.070654
23 -1.094090 672 0.137224 336 0.068612 336 0.068612
24 -1.051580 708 0.144575 354 0.072288 354 0.072288
25 -1.009071 748 0.152743 374 0.076372 374 0.076372
26 -0.966561 696 0.142125 348 0.071062 348 0.071062
27 -0.924052 788 0.160912 394 0.080456 394 0.080456
28 -0.881542 788 0.160912 394 0.080456 394 0.080456
29 -0.839033 784 0.160095 392 0.080047 392 0.080047
30 -0.796523 852 0.173981 426 0.086990 426 0.086990
31 -0.754014 868 0.177248 434 0.088624 434 0.088624
32 -0.711504 864 0.176431 432 0.088215 432 0.088215
33 -0.668995 964 0.196851 482 0.098426 482 0.098426
34 -0.626485 968 0.197668 484 0.098834 484 0.098834
35 -0.583976 980 0.200118 490 0.100059 490 0.100059
36 -0.541466 1064 0.217271 532 0.108636 532 0.108636
37 -0.498956 1140 0.232791 570 0.116395 570 0.116395
38 -0.456447 1168 0.238509 584 0.119254 584 0.119254
39 -0.413937 1288 0.263013 644 0.131506 644 0.131506
40 -0.371428 1344 0.274448 672 0.137224 672 0.137224
41 -0.328918 1480 0.302220 740 0.151110 740 0.151110
42 -0.286409 1584 0.323457 792 0.161728 792 0.161728
43 -0.243899 1808 0.369198 904 0.184599 904 0.184599
44 -0.201390 2092 0.427192 1046 0.213596 1046 0.213596
45 -0.158880 2444 0.499071 1222 0.249535 1222 0.249535
46 -0.116371 3124 0.637929 1562 0.318964 1562 0.318964
47 -0.073861 4696 0.958935 2348 0.479468 2348 0.479468
48 -0.031351 11696 2.388353 5848 1.194176 5848 1.194176
49 0.011158 0 0.000000 0 0.000000 0 0.000000
50 0.053668 0 0.000000 0 0.000000 0 0.000000
51 0.096177 0 0.000000 0 0.000000 0 0.000000
52 0.138687 0 0.000000 0 0.000000 0 0.000000
53 0.181196 0 0.000000 0 0.000000 0 0.000000
54 0.223706 0 0.000000 0 0.000000 0 0.000000
55 0.266215 0 0.000000 0 0.000000 0 0.000000
56 0.308725 0 0.000000 0 0.000000 0 0.000000
57 0.351234 0 0.000000 0 0.000000 0 0.000000
58 0.393744 0 0.000000 0 0.000000 0 0.000000
59 0.436253 0 0.000000 0 0.000000 0 0.000000
60 0.478763 0 0.000000 0 0.000000 0 0.000000
61 0.521273 0 0.000000 0 0.000000 0 0.000000
62 0.563782 0 0.000000 0 0.000000 0 0.000000
63 0.606292 0 0.000000 0 0.000000 0 0.000000
64 0.648801 0 0.000000 0 0.000000 0 0.000000
65 0.691311 0 0.000000 0 0.000000 0 0.000000
66 0.733820 0 0.000000 0 0.000000 0 0.000000
67 0.776330 0 0.000000 0 0.000000 0 0.000000
68 0.818839 0 0.000000 0 0.000000 0 0.000000
69 0.861349 0 0.000000 0 0.000000 0 0.000000
70 0.903858 0 0.000000 0 0.000000 0 0.000000
71 0.946368 0 0.000000 0 0.000000 0 0.000000
72 0.988877 0 0.000000 0 0.000000 0 0.000000
73 1.031387 0 0.000000 0 0.000000 0 0.000000
74 1.073897 0 0.000000 0 0.000000 0 0.000000
75 1.116406 0 0.000000 0 0.000000 0 0.000000
76 1.158916 0 0.000000 0 0.000000 0 0.000000
77 1.201425 0 0.000000 0 0.000000 0 0.000000
78 1.243935 0 0.000000 0 0.000000 0 0.000000
79 1.286444 0 0.000000 0 0.000000 0 0.000000
80 1.328954 0 0.000000 0 0.000000 0 0.000000
81 1.371463 0 0.000000 0 0.000000 0 0.000000
82 1.413973 0 0.000000 0 0.000000 0 0.000000
83 1.456482 0 0.000000 0 0.000000 0 0.000000
84 1.498992 0 0.000000 0 0.000000 0 0.000000
85 1.541502 0 0.000000 0 0.000000 0 0.000000
86 1.584011 0 0.000000 0 0.000000 0 0.000000
87 1.626521 0 0.000000 0 0.000000 0 0.000000
88 1.669030 0 0.000000 0 0.000000 0 0.000000
89 1.711540 0 0.000000 0 0.000000 0 0.000000
90 1.754049 0 0.000000 0 0.000000 0 0.000000
91 1.796559 0 0.000000 0 0.000000 0 0.000000
92 1.839068 0 0.000000 0 0.000000 0 0.000000
93 1.881578 0 0.000000 0 0.000000 0 0.000000
94 1.924087 0 0.000000 0 0.000000 0 0.000000
95 1.966597 0 0.000000 0 0.000000 0 0.000000
96 2.009106 0 0.000000 0 0.000000 0 0.000000
97 2.051616 0 0.000000 0 0.000000 0 0.000000
98 2.094126 0 0.000000 0 0.000000 0 0.000000
99 2.136635 0 0.000000 0 0.000000 0 0.000000
100 2.179145 0 0.000000 0 0.000000 0 0.000000
101 2.221654 0 0.000000 0 0.000000 0 0.000000
102 2.264164 0 0.000000 0 0.000000 0 0.000000
103 2.306673 0 0.000000 0 0.000000 0 0.000000
104 2.349183 0 0.000000 0 0.000000 0 0.000000
105 2.391692 0 0.000000 0 0.000000 0 0.000000
106 2.434202 0 0.000000 0 0.000000 0 0.000000
107 2.476711 0 0.000000 0 0.000000 0 0.000000
108 2.519221 0 0.000000 0 0.000000 0 0.000000
109 2.561730 0 0.000000 0 0.000000 0 0.000000
110 2.604240 0 0.000000 0 0.000000 0 0.000000
111 2.646750 0 0.000000 0 0.000000 0 0.000000
112 2.689259 0 0.000000 0 0.000000 0 0.000000
113 2.731769 0 0.000000 0 0.000000 0 0.000000
114 2.774278 0 0.000000 0 0.000000 0 0.000000
115 2.816788 0 0.000000 0 0.000000 0 0.000000
116 2.859297 0 0.000000 0 0.000000 0 0.000000
117 2.901807 0 0.000000 0 0.000000 0 0.000000
118 2.944316 0 0.000000 0 0.000000 0 0.000000
119 2.986826 0 0.000000 0 0.000000 0 0.000000
120 3.029335 0 0.000000 0 0.000000 0 0.000000
121 3.071845 0 0.000000 0 0.000000 0 0.000000
122 3.114355 0 0.000000 0 0.000000 0 0.000000
123 3.156864 0 0.000000 0 0.000000 0 0.000000
124 3.199374 0 0.000000 0 0.000000 0 0.000000
125 3.241883 0 0.000000 0 0.000000 0 0.000000
126 3.284393 0 0.000000 0 0.000000 0 0.000000
127 3.326902 0 0.000000 0 0.000000 0 0.000000
128 3.369412 0 0.000000 0 0.000000 0 0.000000
129 3.411921 0 0.000000 0 0.000000 0 0.000000
130 3.454431 0 0.000000 0 0.000000 0 0.000000
131 3.496940 0 0.000000 0 0.000000 0 0.000000
132 3.539450 0 0.000000 0 0.000000 0 0.000000
133 3.581959 0 0.000000 0 0.000000 0 0.000000
134 3.624469 0 0.000000 0 0.000000 0 0.000000
135 3.666979 0 0.000000 0 0.000000 0 0.000000
136 3.709488 0 0.000000 0 0.000000 0 0.000000
137 3.751998 0 0.000000 0 0.000000 0 0.000000
138 3.794507 0 0.000000 0 0.000000 0 0.000000
139 3.837017 0 0.000000 0 0.000000 0 0.000000
140 3.879526 0 0.000000 0 0.000000 0 0.000000
141 3.922036 0 0.000000 0 0.000000 0 0.000000
142 3.964545 0 0.000000 0 0.000000 0 0.000000
143 4.007055 0 0.000000 0 0.000000 0 0.000000
144 4.049564 0 0.000000 0 0.000000 0 0.000000
145 4.092074 0 0.000000 0 0.000000 0 0.000000
146 4.134583 0 0.000000 0 0.000000 0 0.000000
147 4.177093 0 0.000000 0 0.000000 0 0.000000
148 4.219603 0 0.000000 0 0.000000 0 0.000000
149 4.262112 0 0.000000 0 0.000000 0 0.000000
150 4.304622 0 0.000000 0 0.000000 0 0.000000
151 4.347131 0 0.000000 0 0.000000 0 0.000000
152 4.389641 0 0.000000 0 0.000000 0 0.000000
153 4.432150 0 0.000000 0 0.000000 0 0.000000
154 4.474660 0 0.000000 0 0.000000 0 0.000000
155 4.517169 0 0.000000 0 0.000000 0 0.000000
156 4.559679 0 0.000000 0 0.000000 0 0.000000
157 4.602188 0 0.000000 0 0.000000 0 0.000000
158 4.644698 0 0.000000 0 0.000000 0 0.000000
159 4.687208 0 0.000000 0 0.000000 0 0.000000
160 4.729717 0 0.000000 0 0.000000 0 0.000000
161 4.772227 0 0.000000 0 0.000000 0 0.000000
162 4.814736 0 0.000000 0 0.000000 0 0.000000
163 4.857246 0 0.000000 0 0.000000 0 0.000000
164 4.899755 0 0.000000 0 0.000000 0 0.000000
165 4.942265 0 0.000000 0 0.000000 0 0.000000
166 4.984774 0 0.000000 0 0.000000 0 0.000000
167 5.027284 0 0.000000 0 0.000000 0 0.000000
168 5.069793 0 0.000000 0 0.000000 0 0.000000
169 5.112303 0 0.000000 0 0.000000 0 0.000000
170 5.154812 0 0.000000 0 0.000000 0 0.000000
171 5.197322 0 0.000000 0 0.000000 0 0.000000
172 5.239832 0 0.000000 0 0.000000 0 0.000000
173 5.282341 0 0.000000 0 0.000000 0 0.000000
174 5.324851 0 0.000000 0 0.000000 0 0.000000
175 5.367360 0 0.000000 0 0.000000 0 0.000000
176 5.409870 0 0.000000 0 0.000000 0 0.000000
177 5.452379 0 0.000000 0 0.000000 0 0.000000
178 5.494889 0 0.000000 0 0.000000 0 0.000000
179 5.537398 0 0.000000 0 0.000000 0 0.000000
180 5.579908 0 0.000000 0 0.000000 0 0.000000
181 5.622417 0 0.000000 0 0.000000 0 0.000000
182 5.664927 0 0.000000 0 0.000000 0 0.000000
183 5.707437 0 0.000000 0 0.000000 0 0.000000
184 5.749946 0 0.000000 0 0.000000 0 0.000000
185 5.792456 0 0.000000 0 0.000000 0 0.000000
186 5.834965 0 0.000000 0 0.000000 0 0.000000
187 5.877475 0 0.000000 0 0.000000 0 0.000000
188 5.919984 0 0.000000 0 0.000000 0 0.000000
189 5.962494 0 0.000000 0 0.000000 0 0.000000
190 6.005003 0 0.000000 0 0.000000 0 0.000000
191 6.047513 11696 2.388353 5848 1.194176 5848 1.194176
192 6.090022 4696 0.958935 2348 0.479468 2348 0.479468
193 6.132532 3124 0.637929 1562 0.318964 1562 0.318964
194 6.175041 2444 0.499071 1222 0.249535 1222 0.249535
195 6.217551 2092 0.427192 1046 0.213596 1046 0.213596
196 6.260061 1808 0.369198 904 0.184599 904 0.184599
197 6.302570 1584 0.323457 792 0.161728 792 0.161728
198 6.345080 1480 0.302220 740 0.151110 740 0.151110
199 6.387589 1344 0.274448 672 0.137224 672 0.137224
200 6.430099 1288 0.263013 644 0.131506 644 0.131506
201 6.472608 1168 0.238509 584 0.119254 584 0.119254
202 6.515118 1140 0.232791 570 0.116395 570 0.116395
203 6.557627 1064 0.217271 532 0.108636 532 0.108636
204 6.600137 980 0.200118 490 0.100059 490 0.100059
205 6.642646 968 0.197668 484 0.098834 484 0.098834
206 6.685156 964 0.196851 482 0.098426 482 0.098426
207 6.727665 864 0.176431 432 0.088215 432 0.088215
208 6.770175 868 0.177248 434 0.088624 434 0.088624
209 6.812685 852 0.173981 426 0.086990 426 0.086990
210 6.855194 784 0.160095 392 0.080047 392 0.080047
211 6.897704 788 0.160912 394 0.080456 394 0.080456
212 6.940213 788 0.160912 394 0.080456 394 0.080456
213 6.982723 696 0.142125 348 0.071062 348 0.071062
214 7.025232 748 0.152743 374 0.076372 374 0.076372
215 7.067742 708 0.144575 354 0.072288 354 0.072288
216 7.110251 672 0.137224 336 0.068612 336 0.068612
217 7.152761 692 0.141308 346 0.070654 346 0.070654
218 7.195270 660 0.134774 330 0.067387 330 0.067387
219 7.237780 632 0.129056 316 0.064528 316 0.064528
220 7.280290 620 0.126606 310 0.063303 310 0.063303
221 7.322799 652 0.133140 326 0.066570 326 0.066570
222 7.365309 608 0.124155 304 0.062078 304 0.062078
223 7.407818 588 0.120071 294 0.060036 294 0.060036
224 7.450328 588 0.120071 294 0.060036 294 0.060036
225 7.492837 576 0.117621 288 0.058810 288 0.058810
226 7.535347 580 0.118437 290 0.059219 290 0.059219
227 7.577856 576 0.117621 288 0.058810 288 0.058810
228 7.620366 568 0.115987 284 0.057994 284 0.057994
229 7.662875 516 0.105369 258 0.052684 258 0.052684
230 7.705385 536 0.109453 268 0.054726 268 0.054726
231 7.747894 528 0.107819 264 0.053909 264 0.053909
232 7.790404 544 0.111086 272 0.055543 272 0.055543
233 7.832914 512 0.104552 256 0.052276 256 0.052276
234 7.875423 496 0.101284 248 0.050642 248 0.050642
235 7.917933 500 0.102101 250 0.051051 250 0.051051
236 7.960442 520 0.106185 260 0.053093 260 0.053093
237 8.002952 484 0.098834 242 0.049417 242 0.049417
238 8.045461 16 0.003267 8 0.001634 8 0.001634
239 8.087971 0 0.000000 0 0.000000 0 0.000000
