# filling: 0.500000
# t: 1.000000
# U: 8.000000
# intkmax: 240
# init_cond: 1
# mixing: 0.900000
# orderpara_eps: 1.000000e-12


# ene ene_0 ene_U Ave(N) N[0] N[1] Ave(DeltaN) DeltaN[0] DeltaN[1] 
     0 -0.4465309838 -0.4465309838  0.0000000000  0.5000000000  0.5000000000  0.5000000000  0.0000000000  0.5000000000 -0.5000000000 


# converged in 18 steps
    18 -0.4658779827 -0.0598811888 -0.4059967939  0.5000000000  0.5000000000  0.5000000000  0.0000000000  0.4463747313 -0.4463747313 


# SzA SzB NA NB
 0.4463747313 -0.4463747313  1.0000000000  1.0000000000 


# 3: dos
# Efermi=0.429002
# Egap= 7.14199570930008676

0 -1.880332 0 0.000000 0 0.000000 0 0.000000
1 -1.834904 16 0.003057 8 0.001529 8 0.001529
2 -1.789476 568 0.108536 284 0.054268 284 0.054268
3 -1.744049 576 0.110065 288 0.055032 288 0.055032
4 -1.698621 572 0.109301 286 0.054650 286 0.054650
5 -1.653193 592 0.113122 296 0.056561 296 0.056561
6 -1.607765 588 0.112358 294 0.056179 294 0.056179
7 -1.562338 608 0.116180 304 0.058090 304 0.058090
8 -1.516910 616 0.117708 308 0.058854 308 0.058854
9 -1.471482 648 0.123823 324 0.061911 324 0.061911
10 -1.426054 632 0.120766 316 0.060383 316 0.060383
11 -1.380627 668 0.127645 334 0.063822 334 0.063822
12 -1.335199 664 0.126880 332 0.063440 332 0.063440
13 -1.289771 688 0.131466 344 0.065733 344 0.065733
14 -1.244343 684 0.130702 342 0.065351 342 0.065351
15 -1.198916 704 0.134524 352 0.067262 352 0.067262
16 -1.153488 740 0.141403 370 0.070701 370 0.070701
17 -1.108060 744 0.142167 372 0.071084 372 0.071084
18 -1.062632 760 0.145225 380 0.072612 380 0.072612
19 -1.017205 804 0.153632 402 0.076816 402 0.076816
20 -0.971777 808 0.154397 404 0.077198 404 0.077198
21 -0.926349 820 0.156690 410 0.078345 410 0.078345
22 -0.880921 848 0.162040 424 0.081020 424 0.081020
23 -0.835494 908 0.173505 454 0.086753 454 0.086753
24 -0.790066 928 0.177327 464 0.088663 464 0.088663
25 -0.744638 932 0.178091 466 0.089046 466 0.089046
26 -0.699210 1008 0.192614 504 0.096307 504 0.096307
27 -0.653783 1032 0.197200 516 0.098600 516 0.098600
28 -0.608355 1108 0.211722 554 0.105861 554 0.105861
29 -0.562927 1152 0.220130 576 0.110065 576 0.110065
30 -0.517499 1176 0.224716 588 0.112358 588 0.112358
31 -0.472072 1288 0.246117 644 0.123059 644 0.123059
32 -0.426644 1408 0.269048 704 0.134524 704 0.134524
33 -0.381216 1488 0.284334 744 0.142167 744 0.142167
34 -0.335788 1600 0.305736 800 0.152868 800 0.152868
35 -0.290361 1804 0.344717 902 0.172359 902 0.172359
36 -0.244933 1988 0.379877 994 0.189938 994 0.189938
37 -0.199505 2364 0.451725 1182 0.225862 1182 0.225862
38 -0.154077 2880 0.550324 1440 0.275162 1440 0.275162
39 -0.108650 3772 0.720772 1886 0.360386 1886 0.360386
40 -0.063222 6404 1.223708 3202 0.611854 3202 0.611854
41 -0.017794 10012 1.913142 5006 0.956571 5006 0.956571
42 0.027633 0 0.000000 0 0.000000 0 0.000000
43 0.073061 0 0.000000 0 0.000000 0 0.000000
44 0.118489 0 0.000000 0 0.000000 0 0.000000
45 0.163917 0 0.000000 0 0.000000 0 0.000000
46 0.209344 0 0.000000 0 0.000000 0 0.000000
47 0.254772 0 0.000000 0 0.000000 0 0.000000
48 0.300200 0 0.000000 0 0.000000 0 0.000000
49 0.345628 0 0.000000 0 0.000000 0 0.000000
50 0.391055 0 0.000000 0 0.000000 0 0.000000
51 0.436483 0 0.000000 0 0.000000 0 0.000000
52 0.481911 0 0.000000 0 0.000000 0 0.000000
53 0.527339 0 0.000000 0 0.000000 0 0.000000
54 0.572766 0 0.000000 0 0.000000 0 0.000000
55 0.618194 0 0.000000 0 0.000000 0 0.000000
56 0.663622 0 0.000000 0 0.000000 0 0.000000
57 0.709050 0 0.000000 0 0.000000 0 0.000000
58 0.754477 0 0.000000 0 0.000000 0 0.000000
59 0.799905 0 0.000000 0 0.000000 0 0.000000
60 0.845333 0 0.000000 0 0.000000 0 0.000000
61 0.890761 0 0.000000 0 0.000000 0 0.000000
62 0.936188 0 0.000000 0 0.000000 0 0.000000
63 0.981616 0 0.000000 0 0.000000 0 0.000000
64 1.027044 0 0.000000 0 0.000000 0 0.000000
65 1.072472 0 0.000000 0 0.000000 0 0.000000
66 1.117899 0 0.000000 0 0.000000 0 0.000000
67 1.163327 0 0.000000 0 0.000000 0 0.000000
68 1.208755 0 0.000000 0 0.000000 0 0.000000
69 1.254183 0 0.000000 0 0.000000 0 0.000000
70 1.299610 0 0.000000 0 0.000000 0 0.000000
71 1.345038 0 0.000000 0 0.000000 0 0.000000
72 1.390466 0 0.000000 0 0.000000 0 0.000000
73 1.435894 0 0.000000 0 0.000000 0 0.000000
74 1.481321 0 0.000000 0 0.000000 0 0.000000
75 1.526749 0 0.000000 0 0.000000 0 0.000000
76 1.572177 0 0.000000 0 0.000000 0 0.000000
77 1.617605 0 0.000000 0 0.000000 0 0.000000
78 1.663032 0 0.000000 0 0.000000 0 0.000000
79 1.708460 0 0.000000 0 0.000000 0 0.000000
80 1.753888 0 0.000000 0 0.000000 0 0.000000
81 1.799316 0 0.000000 0 0.000000 0 0.000000
82 1.844743 0 0.000000 0 0.000000 0 0.000000
83 1.890171 0 0.000000 0 0.000000 0 0.000000
84 1.935599 0 0.000000 0 0.000000 0 0.000000
85 1.981027 0 0.000000 0 0.000000 0 0.000000
86 2.026454 0 0.000000 0 0.000000 0 0.000000
87 2.071882 0 0.000000 0 0.000000 0 0.000000
88 2.117310 0 0.000000 0 0.000000 0 0.000000
89 2.162738 0 0.000000 0 0.000000 0 0.000000
90 2.208165 0 0.000000 0 0.000000 0 0.000000
91 2.253593 0 0.000000 0 0.000000 0 0.000000
92 2.299021 0 0.000000 0 0.000000 0 0.000000
93 2.344449 0 0.000000 0 0.000000 0 0.000000
94 2.389876 0 0.000000 0 0.000000 0 0.000000
95 2.435304 0 0.000000 0 0.000000 0 0.000000
96 2.480732 0 0.000000 0 0.000000 0 0.000000
97 2.526160 0 0.000000 0 0.000000 0 0.000000
98 2.571587 0 0.000000 0 0.000000 0 0.000000
99 2.617015 0 0.000000 0 0.000000 0 0.000000
100 2.662443 0 0.000000 0 0.000000 0 0.000000
101 2.707871 0 0.000000 0 0.000000 0 0.000000
102 2.753298 0 0.000000 0 0.000000 0 0.000000
103 2.798726 0 0.000000 0 0.000000 0 0.000000
104 2.844154 0 0.000000 0 0.000000 0 0.000000
105 2.889582 0 0.000000 0 0.000000 0 0.000000
106 2.935009 0 0.000000 0 0.000000 0 0.000000
107 2.980437 0 0.000000 0 0.000000 0 0.000000
108 3.025865 0 0.000000 0 0.000000 0 0.000000
109 3.071293 0 0.000000 0 0.000000 0 0.000000
110 3.116720 0 0.000000 0 0.000000 0 0.000000
111 3.162148 0 0.000000 0 0.000000 0 0.000000
112 3.207576 0 0.000000 0 0.000000 0 0.000000
113 3.253004 0 0.000000 0 0.000000 0 0.000000
114 3.298431 0 0.000000 0 0.000000 0 0.000000
115 3.343859 0 0.000000 0 0.000000 0 0.000000
116 3.389287 0 0.000000 0 0.000000 0 0.000000
117 3.434715 0 0.000000 0 0.000000 0 0.000000
118 3.480142 0 0.000000 0 0.000000 0 0.000000
119 3.525570 0 0.000000 0 0.000000 0 0.000000
120 3.570998 0 0.000000 0 0.000000 0 0.000000
121 3.616426 0 0.000000 0 0.000000 0 0.000000
122 3.661853 0 0.000000 0 0.000000 0 0.000000
123 3.707281 0 0.000000 0 0.000000 0 0.000000
124 3.752709 0 0.000000 0 0.000000 0 0.000000
125 3.798137 0 0.000000 0 0.000000 0 0.000000
126 3.843564 0 0.000000 0 0.000000 0 0.000000
127 3.888992 0 0.000000 0 0.000000 0 0.000000
128 3.934420 0 0.000000 0 0.000000 0 0.000000
129 3.979848 0 0.000000 0 0.000000 0 0.000000
130 4.025275 0 0.000000 0 0.000000 0 0.000000
131 4.070703 0 0.000000 0 0.000000 0 0.000000
132 4.116131 0 0.000000 0 0.000000 0 0.000000
133 4.161559 0 0.000000 0 0.000000 0 0.000000
134 4.206986 0 0.000000 0 0.000000 0 0.000000
135 4.252414 0 0.000000 0 0.000000 0 0.000000
136 4.297842 0 0.000000 0 0.000000 0 0.000000
137 4.343270 0 0.000000 0 0.000000 0 0.000000
138 4.388697 0 0.000000 0 0.000000 0 0.000000
139 4.434125 0 0.000000 0 0.000000 0 0.000000
140 4.479553 0 0.000000 0 0.000000 0 0.000000
141 4.524981 0 0.000000 0 0.000000 0 0.000000
142 4.570408 0 0.000000 0 0.000000 0 0.000000
143 4.615836 0 0.000000 0 0.000000 0 0.000000
144 4.661264 0 0.000000 0 0.000000 0 0.000000
145 4.706692 0 0.000000 0 0.000000 0 0.000000
146 4.752119 0 0.000000 0 0.000000 0 0.000000
147 4.797547 0 0.000000 0 0.000000 0 0.000000
148 4.842975 0 0.000000 0 0.000000 0 0.000000
149 4.888403 0 0.000000 0 0.000000 0 0.000000
150 4.933830 0 0.000000 0 0.000000 0 0.000000
151 4.979258 0 0.000000 0 0.000000 0 0.000000
152 5.024686 0 0.000000 0 0.000000 0 0.000000
153 5.070114 0 0.000000 0 0.000000 0 0.000000
154 5.115541 0 0.000000 0 0.000000 0 0.000000
155 5.160969 0 0.000000 0 0.000000 0 0.000000
156 5.206397 0 0.000000 0 0.000000 0 0.000000
157 5.251825 0 0.000000 0 0.000000 0 0.000000
158 5.297252 0 0.000000 0 0.000000 0 0.000000
159 5.342680 0 0.000000 0 0.000000 0 0.000000
160 5.388108 0 0.000000 0 0.000000 0 0.000000
161 5.433536 0 0.000000 0 0.000000 0 0.000000
162 5.478963 0 0.000000 0 0.000000 0 0.000000
163 5.524391 0 0.000000 0 0.000000 0 0.000000
164 5.569819 0 0.000000 0 0.000000 0 0.000000
165 5.615247 0 0.000000 0 0.000000 0 0.000000
166 5.660674 0 0.000000 0 0.000000 0 0.000000
167 5.706102 0 0.000000 0 0.000000 0 0.000000
168 5.751530 0 0.000000 0 0.000000 0 0.000000
169 5.796958 0 0.000000 0 0.000000 0 0.000000
170 5.842385 0 0.000000 0 0.000000 0 0.000000
171 5.887813 0 0.000000 0 0.000000 0 0.000000
172 5.933241 0 0.000000 0 0.000000 0 0.000000
173 5.978669 0 0.000000 0 0.000000 0 0.000000
174 6.024096 0 0.000000 0 0.000000 0 0.000000
175 6.069524 0 0.000000 0 0.000000 0 0.000000
176 6.114952 0 0.000000 0 0.000000 0 0.000000
177 6.160380 0 0.000000 0 0.000000 0 0.000000
178 6.205807 0 0.000000 0 0.000000 0 0.000000
179 6.251235 0 0.000000 0 0.000000 0 0.000000
180 6.296663 0 0.000000 0 0.000000 0 0.000000
181 6.342090 0 0.000000 0 0.000000 0 0.000000
182 6.387518 0 0.000000 0 0.000000 0 0.000000
183 6.432946 0 0.000000 0 0.000000 0 0.000000
184 6.478374 0 0.000000 0 0.000000 0 0.000000
185 6.523801 0 0.000000 0 0.000000 0 0.000000
186 6.569229 0 0.000000 0 0.000000 0 0.000000
187 6.614657 0 0.000000 0 0.000000 0 0.000000
188 6.660085 0 0.000000 0 0.000000 0 0.000000
189 6.705512 0 0.000000 0 0.000000 0 0.000000
190 6.750940 0 0.000000 0 0.000000 0 0.000000
191 6.796368 0 0.000000 0 0.000000 0 0.000000
192 6.841796 0 0.000000 0 0.000000 0 0.000000
193 6.887223 0 0.000000 0 0.000000 0 0.000000
194 6.932651 0 0.000000 0 0.000000 0 0.000000
195 6.978079 0 0.000000 0 0.000000 0 0.000000
196 7.023507 0 0.000000 0 0.000000 0 0.000000
197 7.068934 0 0.000000 0 0.000000 0 0.000000
198 7.114362 10012 1.913142 5006 0.956571 5006 0.956571
199 7.159790 6404 1.223708 3202 0.611854 3202 0.611854
200 7.205218 3772 0.720772 1886 0.360386 1886 0.360386
201 7.250645 2880 0.550324 1440 0.275162 1440 0.275162
202 7.296073 2364 0.451725 1182 0.225862 1182 0.225862
203 7.341501 1988 0.379877 994 0.189938 994 0.189938
204 7.386929 1804 0.344717 902 0.172359 902 0.172359
205 7.432356 1600 0.305736 800 0.152868 800 0.152868
206 7.477784 1488 0.284334 744 0.142167 744 0.142167
207 7.523212 1408 0.269048 704 0.134524 704 0.134524
208 7.568640 1288 0.246117 644 0.123059 644 0.123059
209 7.614067 1176 0.224716 588 0.112358 588 0.112358
210 7.659495 1152 0.220130 576 0.110065 576 0.110065
211 7.704923 1108 0.211722 554 0.105861 554 0.105861
212 7.750351 1032 0.197200 516 0.098600 516 0.098600
213 7.795778 1008 0.192614 504 0.096307 504 0.096307
214 7.841206 932 0.178091 466 0.089046 466 0.089046
215 7.886634 928 0.177327 464 0.088663 464 0.088663
216 7.932062 908 0.173505 454 0.086753 454 0.086753
217 7.977489 848 0.162040 424 0.081020 424 0.081020
218 8.022917 820 0.156690 410 0.078345 410 0.078345
219 8.068345 808 0.154397 404 0.077198 404 0.077198
220 8.113773 804 0.153632 402 0.076816 402 0.076816
221 8.159200 760 0.145225 380 0.072612 380 0.072612
222 8.204628 744 0.142167 372 0.071084 372 0.071084
223 8.250056 740 0.141403 370 0.070701 370 0.070701
224 8.295484 704 0.134524 352 0.067262 352 0.067262
225 8.340911 684 0.130702 342 0.065351 342 0.065351
226 8.386339 688 0.131466 344 0.065733 344 0.065733
227 8.431767 664 0.126880 332 0.063440 332 0.063440
228 8.477195 668 0.127645 334 0.063822 334 0.063822
229 8.522622 632 0.120766 316 0.060383 316 0.060383
230 8.568050 648 0.123823 324 0.061911 324 0.061911
231 8.613478 616 0.117708 308 0.058854 308 0.058854
232 8.658906 608 0.116180 304 0.058090 304 0.058090
233 8.704333 588 0.112358 294 0.056179 294 0.056179
234 8.749761 592 0.113122 296 0.056561 296 0.056561
235 8.795189 572 0.109301 286 0.054650 286 0.054650
236 8.840617 576 0.110065 288 0.055032 288 0.055032
237 8.886044 568 0.108536 284 0.054268 284 0.054268
238 8.931472 16 0.003057 8 0.001529 8 0.001529
239 8.976900 0 0.000000 0 0.000000 0 0.000000
