# filling: 0.500000
# t: 1.000000
# U: 10.000000
# intkmax: 240
# init_cond: 1
# mixing: 0.900000
# orderpara_eps: 1.000000e-12


# ene ene_0 ene_U Ave(N) N[0] N[1] Ave(DeltaN) DeltaN[0] DeltaN[1] 
     0 -0.3701876285 -0.3701876285  0.0000000000  0.5000000000  0.5000000000  0.5000000000  0.0000000000  0.5000000000 -0.5000000000 


# converged in 16 steps
    16 -0.3817143570 -0.0335045284 -0.3482098287  0.5000000000  0.5000000000  0.5000000000  0.0000000000  0.4638739237 -0.4638739237 


# SzA SzB NA NB
 0.4638739237 -0.4638739237  1.0000000000  1.0000000000 


# 3: dos
# Efermi=0.361261
# Egap= 9.27747848124342056

0 -1.588419 0 0.000000 0 0.000000 0 0.000000
1 -1.536526 24 0.004015 12 0.002007 12 0.002007
2 -1.484633 740 0.123786 370 0.061893 370 0.061893
3 -1.432740 756 0.126462 378 0.063231 378 0.063231
4 -1.380847 772 0.129139 386 0.064569 386 0.064569
5 -1.328954 788 0.131815 394 0.065908 394 0.065908
6 -1.277061 804 0.134492 402 0.067246 402 0.067246
7 -1.225168 836 0.139844 418 0.069922 418 0.069922
8 -1.173275 848 0.141852 424 0.070926 424 0.070926
9 -1.121382 896 0.149881 448 0.074941 448 0.074941
10 -1.069489 900 0.150550 450 0.075275 450 0.075275
11 -1.017596 952 0.159249 476 0.079624 476 0.079624
12 -0.965703 960 0.160587 480 0.080293 480 0.080293
13 -0.913810 960 0.160587 480 0.080293 480 0.080293
14 -0.861917 1096 0.183337 548 0.091668 548 0.091668
15 -0.810024 1088 0.181998 544 0.090999 544 0.090999
16 -0.758131 1112 0.186013 556 0.093007 556 0.093007
17 -0.706238 1184 0.198057 592 0.099029 592 0.099029
18 -0.654346 1276 0.213447 638 0.106723 638 0.106723
19 -0.602453 1312 0.219469 656 0.109734 656 0.109734
20 -0.550560 1408 0.235527 704 0.117764 704 0.117764
21 -0.498667 1512 0.252924 756 0.126462 756 0.126462
22 -0.446774 1644 0.275005 822 0.137503 822 0.137503
23 -0.394881 1780 0.297755 890 0.148877 890 0.148877
24 -0.342988 1952 0.326527 976 0.163263 976 0.163263
25 -0.291095 2196 0.367343 1098 0.183671 1098 0.183671
26 -0.239202 2576 0.430908 1288 0.215454 1288 0.215454
27 -0.187309 3072 0.513878 1536 0.256939 1536 0.256939
28 -0.135416 4024 0.673127 2012 0.336563 2012 0.336563
29 -0.083523 6272 1.049168 3136 0.524584 3136 0.524584
30 -0.031630 13860 2.318473 6930 1.159237 6930 1.159237
31 0.020263 0 0.000000 0 0.000000 0 0.000000
32 0.072156 0 0.000000 0 0.000000 0 0.000000
33 0.124049 0 0.000000 0 0.000000 0 0.000000
34 0.175942 0 0.000000 0 0.000000 0 0.000000
35 0.227835 0 0.000000 0 0.000000 0 0.000000
36 0.279728 0 0.000000 0 0.000000 0 0.000000
37 0.331621 0 0.000000 0 0.000000 0 0.000000
38 0.383514 0 0.000000 0 0.000000 0 0.000000
39 0.435407 0 0.000000 0 0.000000 0 0.000000
40 0.487300 0 0.000000 0 0.000000 0 0.000000
41 0.539193 0 0.000000 0 0.000000 0 0.000000
42 0.591086 0 0.000000 0 0.000000 0 0.000000
43 0.642979 0 0.000000 0 0.000000 0 0.000000
44 0.694872 0 0.000000 0 0.000000 0 0.000000
45 0.746765 0 0.000000 0 0.000000 0 0.000000
46 0.798658 0 0.000000 0 0.000000 0 0.000000
47 0.850551 0 0.000000 0 0.000000 0 0.000000
48 0.902444 0 0.000000 0 0.000000 0 0.000000
49 0.954337 0 0.000000 0 0.000000 0 0.000000
50 1.006230 0 0.000000 0 0.000000 0 0.000000
51 1.058123 0 0.000000 0 0.000000 0 0.000000
52 1.110016 0 0.000000 0 0.000000 0 0.000000
53 1.161909 0 0.000000 0 0.000000 0 0.000000
54 1.213802 0 0.000000 0 0.000000 0 0.000000
55 1.265695 0 0.000000 0 0.000000 0 0.000000
56 1.317588 0 0.000000 0 0.000000 0 0.000000
57 1.369481 0 0.000000 0 0.000000 0 0.000000
58 1.421374 0 0.000000 0 0.000000 0 0.000000
59 1.473267 0 0.000000 0 0.000000 0 0.000000
60 1.525160 0 0.000000 0 0.000000 0 0.000000
61 1.577053 0 0.000000 0 0.000000 0 0.000000
62 1.628946 0 0.000000 0 0.000000 0 0.000000
63 1.680839 0 0.000000 0 0.000000 0 0.000000
64 1.732732 0 0.000000 0 0.000000 0 0.000000
65 1.784625 0 0.000000 0 0.000000 0 0.000000
66 1.836518 0 0.000000 0 0.000000 0 0.000000
67 1.888411 0 0.000000 0 0.000000 0 0.000000
68 1.940304 0 0.000000 0 0.000000 0 0.000000
69 1.992197 0 0.000000 0 0.000000 0 0.000000
70 2.044090 0 0.000000 0 0.000000 0 0.000000
71 2.095983 0 0.000000 0 0.000000 0 0.000000
72 2.147876 0 0.000000 0 0.000000 0 0.000000
73 2.199769 0 0.000000 0 0.000000 0 0.000000
74 2.251662 0 0.000000 0 0.000000 0 0.000000
75 2.303555 0 0.000000 0 0.000000 0 0.000000
76 2.355448 0 0.000000 0 0.000000 0 0.000000
77 2.407341 0 0.000000 0 0.000000 0 0.000000
78 2.459234 0 0.000000 0 0.000000 0 0.000000
79 2.511127 0 0.000000 0 0.000000 0 0.000000
80 2.563020 0 0.000000 0 0.000000 0 0.000000
81 2.614913 0 0.000000 0 0.000000 0 0.000000
82 2.666806 0 0.000000 0 0.000000 0 0.000000
83 2.718699 0 0.000000 0 0.000000 0 0.000000
84 2.770592 0 0.000000 0 0.000000 0 0.000000
85 2.822485 0 0.000000 0 0.000000 0 0.000000
86 2.874378 0 0.000000 0 0.000000 0 0.000000
87 2.926271 0 0.000000 0 0.000000 0 0.000000
88 2.978164 0 0.000000 0 0.000000 0 0.000000
89 3.030057 0 0.000000 0 0.000000 0 0.000000
90 3.081950 0 0.000000 0 0.000000 0 0.000000
91 3.133843 0 0.000000 0 0.000000 0 0.000000
92 3.185736 0 0.000000 0 0.000000 0 0.000000
93 3.237629 0 0.000000 0 0.000000 0 0.000000
94 3.289522 0 0.000000 0 0.000000 0 0.000000
95 3.341415 0 0.000000 0 0.000000 0 0.000000
96 3.393308 0 0.000000 0 0.000000 0 0.000000
97 3.445201 0 0.000000 0 0.000000 0 0.000000
98 3.497094 0 0.000000 0 0.000000 0 0.000000
99 3.548986 0 0.000000 0 0.000000 0 0.000000
100 3.600879 0 0.000000 0 0.000000 0 0.000000
101 3.652772 0 0.000000 0 0.000000 0 0.000000
102 3.704665 0 0.000000 0 0.000000 0 0.000000
103 3.756558 0 0.000000 0 0.000000 0 0.000000
104 3.808451 0 0.000000 0 0.000000 0 0.000000
105 3.860344 0 0.000000 0 0.000000 0 0.000000
106 3.912237 0 0.000000 0 0.000000 0 0.000000
107 3.964130 0 0.000000 0 0.000000 0 0.000000
108 4.016023 0 0.000000 0 0.000000 0 0.000000
109 4.067916 0 0.000000 0 0.000000 0 0.000000
110 4.119809 0 0.000000 0 0.000000 0 0.000000
111 4.171702 0 0.000000 0 0.000000 0 0.000000
112 4.223595 0 0.000000 0 0.000000 0 0.000000
113 4.275488 0 0.000000 0 0.000000 0 0.000000
114 4.327381 0 0.000000 0 0.000000 0 0.000000
115 4.379274 0 0.000000 0 0.000000 0 0.000000
116 4.431167 0 0.000000 0 0.000000 0 0.000000
117 4.483060 0 0.000000 0 0.000000 0 0.000000
118 4.534953 0 0.000000 0 0.000000 0 0.000000
119 4.586846 0 0.000000 0 0.000000 0 0.000000
120 4.638739 0 0.000000 0 0.000000 0 0.000000
121 4.690632 0 0.000000 0 0.000000 0 0.000000
122 4.742525 0 0.000000 0 0.000000 0 0.000000
123 4.794418 0 0.000000 0 0.000000 0 0.000000
124 4.846311 0 0.000000 0 0.000000 0 0.000000
125 4.898204 0 0.000000 0 0.000000 0 0.000000
126 4.950097 0 0.000000 0 0.000000 0 0.000000
127 5.001990 0 0.000000 0 0.000000 0 0.000000
128 5.053883 0 0.000000 0 0.000000 0 0.000000
129 5.105776 0 0.000000 0 0.000000 0 0.000000
130 5.157669 0 0.000000 0 0.000000 0 0.000000
131 5.209562 0 0.000000 0 0.000000 0 0.000000
132 5.261455 0 0.000000 0 0.000000 0 0.000000
133 5.313348 0 0.000000 0 0.000000 0 0.000000
134 5.365241 0 0.000000 0 0.000000 0 0.000000
135 5.417134 0 0.000000 0 0.000000 0 0.000000
136 5.469027 0 0.000000 0 0.000000 0 0.000000
137 5.520920 0 0.000000 0 0.000000 0 0.000000
138 5.572813 0 0.000000 0 0.000000 0 0.000000
139 5.624706 0 0.000000 0 0.000000 0 0.000000
140 5.676599 0 0.000000 0 0.000000 0 0.000000
141 5.728492 0 0.000000 0 0.000000 0 0.000000
142 5.780385 0 0.000000 0 0.000000 0 0.000000
143 5.832278 0 0.000000 0 0.000000 0 0.000000
144 5.884171 0 0.000000 0 0.000000 0 0.000000
145 5.936064 0 0.000000 0 0.000000 0 0.000000
146 5.987957 0 0.000000 0 0.000000 0 0.000000
147 6.039850 0 0.000000 0 0.000000 0 0.000000
148 6.091743 0 0.000000 0 0.000000 0 0.000000
149 6.143636 0 0.000000 0 0.000000 0 0.000000
150 6.195529 0 0.000000 0 0.000000 0 0.000000
151 6.247422 0 0.000000 0 0.000000 0 0.000000
152 6.299315 0 0.000000 0 0.000000 0 0.000000
153 6.351208 0 0.000000 0 0.000000 0 0.000000
154 6.403101 0 0.000000 0 0.000000 0 0.000000
155 6.454994 0 0.000000 0 0.000000 0 0.000000
156 6.506887 0 0.000000 0 0.000000 0 0.000000
157 6.558780 0 0.000000 0 0.000000 0 0.000000
158 6.610673 0 0.000000 0 0.000000 0 0.000000
159 6.662566 0 0.000000 0 0.000000 0 0.000000
160 6.714459 0 0.000000 0 0.000000 0 0.000000
161 6.766352 0 0.000000 0 0.000000 0 0.000000
162 6.818245 0 0.000000 0 0.000000 0 0.000000
163 6.870138 0 0.000000 0 0.000000 0 0.000000
164 6.922031 0 0.000000 0 0.000000 0 0.000000
165 6.973924 0 0.000000 0 0.000000 0 0.000000
166 7.025817 0 0.000000 0 0.000000 0 0.000000
167 7.077710 0 0.000000 0 0.000000 0 0.000000
168 7.129603 0 0.000000 0 0.000000 0 0.000000
169 7.181496 0 0.000000 0 0.000000 0 0.000000
170 7.233389 0 0.000000 0 0.000000 0 0.000000
171 7.285282 0 0.000000 0 0.000000 0 0.000000
172 7.337175 0 0.000000 0 0.000000 0 0.000000
173 7.389068 0 0.000000 0 0.000000 0 0.000000
174 7.440961 0 0.000000 0 0.000000 0 0.000000
175 7.492854 0 0.000000 0 0.000000 0 0.000000
176 7.544747 0 0.000000 0 0.000000 0 0.000000
177 7.596640 0 0.000000 0 0.000000 0 0.000000
178 7.648533 0 0.000000 0 0.000000 0 0.000000
179 7.700426 0 0.000000 0 0.000000 0 0.000000
180 7.752319 0 0.000000 0 0.000000 0 0.000000
181 7.804211 0 0.000000 0 0.000000 0 0.000000
182 7.856104 0 0.000000 0 0.000000 0 0.000000
183 7.907997 0 0.000000 0 0.000000 0 0.000000
184 7.959890 0 0.000000 0 0.000000 0 0.000000
185 8.011783 0 0.000000 0 0.000000 0 0.000000
186 8.063676 0 0.000000 0 0.000000 0 0.000000
187 8.115569 0 0.000000 0 0.000000 0 0.000000
188 8.167462 0 0.000000 0 0.000000 0 0.000000
189 8.219355 0 0.000000 0 0.000000 0 0.000000
190 8.271248 0 0.000000 0 0.000000 0 0.000000
191 8.323141 0 0.000000 0 0.000000 0 0.000000
192 8.375034 0 0.000000 0 0.000000 0 0.000000
193 8.426927 0 0.000000 0 0.000000 0 0.000000
194 8.478820 0 0.000000 0 0.000000 0 0.000000
195 8.530713 0 0.000000 0 0.000000 0 0.000000
196 8.582606 0 0.000000 0 0.000000 0 0.000000
197 8.634499 0 0.000000 0 0.000000 0 0.000000
198 8.686392 0 0.000000 0 0.000000 0 0.000000
199 8.738285 0 0.000000 0 0.000000 0 0.000000
200 8.790178 0 0.000000 0 0.000000 0 0.000000
201 8.842071 0 0.000000 0 0.000000 0 0.000000
202 8.893964 0 0.000000 0 0.000000 0 0.000000
203 8.945857 0 0.000000 0 0.000000 0 0.000000
204 8.997750 0 0.000000 0 0.000000 0 0.000000
205 9.049643 0 0.000000 0 0.000000 0 0.000000
206 9.101536 0 0.000000 0 0.000000 0 0.000000
207 9.153429 0 0.000000 0 0.000000 0 0.000000
208 9.205322 0 0.000000 0 0.000000 0 0.000000
209 9.257215 13860 2.318473 6930 1.159237 6930 1.159237
210 9.309108 6272 1.049168 3136 0.524584 3136 0.524584
211 9.361001 4024 0.673127 2012 0.336563 2012 0.336563
212 9.412894 3072 0.513878 1536 0.256939 1536 0.256939
213 9.464787 2576 0.430908 1288 0.215454 1288 0.215454
214 9.516680 2196 0.367343 1098 0.183671 1098 0.183671
215 9.568573 1952 0.326527 976 0.163263 976 0.163263
216 9.620466 1780 0.297755 890 0.148877 890 0.148877
217 9.672359 1644 0.275005 822 0.137503 822 0.137503
218 9.724252 1512 0.252924 756 0.126462 756 0.126462
219 9.776145 1408 0.235527 704 0.117764 704 0.117764
220 9.828038 1312 0.219469 656 0.109734 656 0.109734
221 9.879931 1276 0.213447 638 0.106723 638 0.106723
222 9.931824 1184 0.198057 592 0.099029 592 0.099029
223 9.983717 1112 0.186013 556 0.093007 556 0.093007
224 10.035610 1088 0.181998 544 0.090999 544 0.090999
225 10.087503 1096 0.183337 548 0.091668 548 0.091668
226 10.139396 960 0.160587 480 0.080293 480 0.080293
227 10.191289 960 0.160587 480 0.080293 480 0.080293
228 10.243182 952 0.159249 476 0.079624 476 0.079624
229 10.295075 900 0.150550 450 0.075275 450 0.075275
230 10.346968 896 0.149881 448 0.074941 448 0.074941
231 10.398861 848 0.141852 424 0.070926 424 0.070926
232 10.450754 836 0.139844 418 0.069922 418 0.069922
233 10.502647 804 0.134492 402 0.067246 402 0.067246
234 10.554540 788 0.131815 394 0.065908 394 0.065908
235 10.606433 772 0.129139 386 0.064569 386 0.064569
236 10.658326 756 0.126462 378 0.063231 378 0.063231
237 10.710219 740 0.123786 370 0.061893 370 0.061893
238 10.762112 24 0.004015 12 0.002007 12 0.002007
239 10.814005 0 0.000000 0 0.000000 0 0.000000
