# filling: 0.500000
# t: 1.000000
# U: 4.000000
# intkmax: 240
# init_cond: 1
# mixing: 0.900000
# orderpara_eps: 1.000000e-12


# ene ene_0 ene_U Ave(N) N[0] N[1] Ave(DeltaN) DeltaN[0] DeltaN[1] 
     0 -0.7313032373 -0.7313032373  0.0000000000  0.5000000000  0.5000000000  0.5000000000  0.0000000000  0.5000000000 -0.5000000000 


# converged in 30 steps
    30 -0.7970291178 -0.2740319335 -0.5229971843  0.5000000000  0.5000000000  0.5000000000  0.0000000000  0.3453269522 -0.3453269522 


# SzA SzB NA NB
 0.3453269522 -0.3453269522  1.0000000000  1.0000000000 


# 3: dos
# Efermi=0.618692
# Egap= 2.76261563894888518

0 -2.920843 0 0.000000 0 0.000000 0 0.000000
1 -2.884992 12 0.002906 6 0.001453 6 0.001453
2 -2.849141 356 0.086197 178 0.043099 178 0.043099
3 -2.813289 348 0.084260 174 0.042130 174 0.042130
4 -2.777438 344 0.083292 172 0.041646 172 0.041646
5 -2.741587 360 0.087166 180 0.043583 180 0.043583
6 -2.705736 360 0.087166 180 0.043583 180 0.043583
7 -2.669884 348 0.084260 174 0.042130 174 0.042130
8 -2.634033 368 0.089103 184 0.044551 184 0.044551
9 -2.598182 364 0.088134 182 0.044067 182 0.044067
10 -2.562331 384 0.092977 192 0.046488 192 0.046488
11 -2.526479 356 0.086197 178 0.043099 178 0.043099
12 -2.490628 356 0.086197 178 0.043099 178 0.043099
13 -2.454777 388 0.093945 194 0.046973 194 0.046973
14 -2.418926 376 0.091040 188 0.045520 188 0.045520
15 -2.383074 380 0.092008 190 0.046004 190 0.046004
16 -2.347223 364 0.088134 182 0.044067 182 0.044067
17 -2.311372 404 0.097819 202 0.048910 202 0.048910
18 -2.275520 380 0.092008 190 0.046004 190 0.046004
19 -2.239669 396 0.095882 198 0.047941 198 0.047941
20 -2.203818 404 0.097819 202 0.048910 202 0.048910
21 -2.167967 380 0.092008 190 0.046004 190 0.046004
22 -2.132115 388 0.093945 194 0.046973 194 0.046973
23 -2.096264 428 0.103630 214 0.051815 214 0.051815
24 -2.060413 392 0.094914 196 0.047457 196 0.047457
25 -2.024562 404 0.097819 202 0.048910 202 0.048910
26 -1.988710 404 0.097819 202 0.048910 202 0.048910
27 -1.952859 428 0.103630 214 0.051815 214 0.051815
28 -1.917008 372 0.090071 186 0.045036 186 0.045036
29 -1.881157 452 0.109441 226 0.054721 226 0.054721
30 -1.845305 444 0.107504 222 0.053752 222 0.053752
31 -1.809454 428 0.103630 214 0.051815 214 0.051815
32 -1.773603 424 0.102662 212 0.051331 212 0.051331
33 -1.737752 436 0.105567 218 0.052784 218 0.052784
34 -1.701900 444 0.107504 222 0.053752 222 0.053752
35 -1.666049 436 0.105567 218 0.052784 218 0.052784
36 -1.630198 476 0.115252 238 0.057626 238 0.057626
37 -1.594347 416 0.100725 208 0.050362 208 0.050362
38 -1.558495 476 0.115252 238 0.057626 238 0.057626
39 -1.522644 460 0.111378 230 0.055689 230 0.055689
40 -1.486793 484 0.117189 242 0.058595 242 0.058595
41 -1.450942 468 0.113315 234 0.056658 234 0.056658
42 -1.415090 476 0.115252 238 0.057626 238 0.057626
43 -1.379239 488 0.118158 244 0.059079 244 0.059079
44 -1.343388 508 0.123000 254 0.061500 254 0.061500
45 -1.307537 476 0.115252 238 0.057626 238 0.057626
46 -1.271685 508 0.123000 254 0.061500 254 0.061500
47 -1.235834 508 0.123000 254 0.061500 254 0.061500
48 -1.199983 520 0.125906 260 0.062953 260 0.062953
49 -1.164131 564 0.136560 282 0.068280 282 0.068280
50 -1.128280 500 0.121063 250 0.060532 250 0.060532
51 -1.092429 556 0.134623 278 0.067311 278 0.067311
52 -1.056578 532 0.128812 266 0.064406 266 0.064406
53 -1.020726 564 0.136560 282 0.068280 282 0.068280
54 -0.984875 552 0.133654 276 0.066827 276 0.066827
55 -0.949024 612 0.148182 306 0.074091 306 0.074091
56 -0.913173 580 0.140434 290 0.070217 290 0.070217
57 -0.877321 588 0.142371 294 0.071185 294 0.071185
58 -0.841470 628 0.152056 314 0.076028 314 0.076028
59 -0.805619 636 0.153993 318 0.076996 318 0.076996
60 -0.769768 628 0.152056 314 0.076028 314 0.076028
61 -0.733916 668 0.161741 334 0.080870 334 0.080870
62 -0.698065 668 0.161741 334 0.080870 334 0.080870
63 -0.662214 700 0.169489 350 0.084744 350 0.084744
64 -0.626363 704 0.170457 352 0.085229 352 0.085229
65 -0.590511 744 0.180142 372 0.090071 372 0.090071
66 -0.554660 788 0.190796 394 0.095398 394 0.095398
67 -0.518809 804 0.194670 402 0.097335 402 0.097335
68 -0.482958 812 0.196607 406 0.098304 406 0.098304
69 -0.447106 852 0.206292 426 0.103146 426 0.103146
70 -0.411255 900 0.217914 450 0.108957 450 0.108957
71 -0.375404 924 0.223725 462 0.111863 462 0.111863
72 -0.339553 1008 0.244064 504 0.122032 504 0.122032
73 -0.303701 1100 0.266340 550 0.133170 550 0.133170
74 -0.267850 1168 0.282804 584 0.141402 584 0.141402
75 -0.231999 1192 0.288615 596 0.144308 596 0.144308
76 -0.196148 1452 0.351568 726 0.175784 726 0.175784
77 -0.160296 1564 0.378687 782 0.189343 782 0.189343
78 -0.124445 1904 0.461010 952 0.230505 952 0.230505
79 -0.088594 2520 0.610160 1260 0.305080 1260 0.305080
80 -0.052742 3944 0.954949 1972 0.477474 1972 0.477474
81 -0.016891 6672 1.615471 3336 0.807735 3336 0.807735
82 0.018960 0 0.000000 0 0.000000 0 0.000000
83 0.054811 0 0.000000 0 0.000000 0 0.000000
84 0.090663 0 0.000000 0 0.000000 0 0.000000
85 0.126514 0 0.000000 0 0.000000 0 0.000000
86 0.162365 0 0.000000 0 0.000000 0 0.000000
87 0.198216 0 0.000000 0 0.000000 0 0.000000
88 0.234068 0 0.000000 0 0.000000 0 0.000000
89 0.269919 0 0.000000 0 0.000000 0 0.000000
90 0.305770 0 0.000000 0 0.000000 0 0.000000
91 0.341621 0 0.000000 0 0.000000 0 0.000000
92 0.377473 0 0.000000 0 0.000000 0 0.000000
93 0.413324 0 0.000000 0 0.000000 0 0.000000
94 0.449175 0 0.000000 0 0.000000 0 0.000000
95 0.485026 0 0.000000 0 0.000000 0 0.000000
96 0.520878 0 0.000000 0 0.000000 0 0.000000
97 0.556729 0 0.000000 0 0.000000 0 0.000000
98 0.592580 0 0.000000 0 0.000000 0 0.000000
99 0.628431 0 0.000000 0 0.000000 0 0.000000
100 0.664283 0 0.000000 0 0.000000 0 0.000000
101 0.700134 0 0.000000 0 0.000000 0 0.000000
102 0.735985 0 0.000000 0 0.000000 0 0.000000
103 0.771836 0 0.000000 0 0.000000 0 0.000000
104 0.807688 0 0.000000 0 0.000000 0 0.000000
105 0.843539 0 0.000000 0 0.000000 0 0.000000
106 0.879390 0 0.000000 0 0.000000 0 0.000000
107 0.915241 0 0.000000 0 0.000000 0 0.000000
108 0.951093 0 0.000000 0 0.000000 0 0.000000
109 0.986944 0 0.000000 0 0.000000 0 0.000000
110 1.022795 0 0.000000 0 0.000000 0 0.000000
111 1.058646 0 0.000000 0 0.000000 0 0.000000
112 1.094498 0 0.000000 0 0.000000 0 0.000000
113 1.130349 0 0.000000 0 0.000000 0 0.000000
114 1.166200 0 0.000000 0 0.000000 0 0.000000
115 1.202052 0 0.000000 0 0.000000 0 0.000000
116 1.237903 0 0.000000 0 0.000000 0 0.000000
117 1.273754 0 0.000000 0 0.000000 0 0.000000
118 1.309605 0 0.000000 0 0.000000 0 0.000000
119 1.345457 0 0.000000 0 0.000000 0 0.000000
120 1.381308 0 0.000000 0 0.000000 0 0.000000
121 1.417159 0 0.000000 0 0.000000 0 0.000000
122 1.453010 0 0.000000 0 0.000000 0 0.000000
123 1.488862 0 0.000000 0 0.000000 0 0.000000
124 1.524713 0 0.000000 0 0.000000 0 0.000000
125 1.560564 0 0.000000 0 0.000000 0 0.000000
126 1.596415 0 0.000000 0 0.000000 0 0.000000
127 1.632267 0 0.000000 0 0.000000 0 0.000000
128 1.668118 0 0.000000 0 0.000000 0 0.000000
129 1.703969 0 0.000000 0 0.000000 0 0.000000
130 1.739820 0 0.000000 0 0.000000 0 0.000000
131 1.775672 0 0.000000 0 0.000000 0 0.000000
132 1.811523 0 0.000000 0 0.000000 0 0.000000
133 1.847374 0 0.000000 0 0.000000 0 0.000000
134 1.883225 0 0.000000 0 0.000000 0 0.000000
135 1.919077 0 0.000000 0 0.000000 0 0.000000
136 1.954928 0 0.000000 0 0.000000 0 0.000000
137 1.990779 0 0.000000 0 0.000000 0 0.000000
138 2.026630 0 0.000000 0 0.000000 0 0.000000
139 2.062482 0 0.000000 0 0.000000 0 0.000000
140 2.098333 0 0.000000 0 0.000000 0 0.000000
141 2.134184 0 0.000000 0 0.000000 0 0.000000
142 2.170035 0 0.000000 0 0.000000 0 0.000000
143 2.205887 0 0.000000 0 0.000000 0 0.000000
144 2.241738 0 0.000000 0 0.000000 0 0.000000
145 2.277589 0 0.000000 0 0.000000 0 0.000000
146 2.313441 0 0.000000 0 0.000000 0 0.000000
147 2.349292 0 0.000000 0 0.000000 0 0.000000
148 2.385143 0 0.000000 0 0.000000 0 0.000000
149 2.420994 0 0.000000 0 0.000000 0 0.000000
150 2.456846 0 0.000000 0 0.000000 0 0.000000
151 2.492697 0 0.000000 0 0.000000 0 0.000000
152 2.528548 0 0.000000 0 0.000000 0 0.000000
153 2.564399 0 0.000000 0 0.000000 0 0.000000
154 2.600251 0 0.000000 0 0.000000 0 0.000000
155 2.636102 0 0.000000 0 0.000000 0 0.000000
156 2.671953 0 0.000000 0 0.000000 0 0.000000
157 2.707804 0 0.000000 0 0.000000 0 0.000000
158 2.743656 6672 1.615471 3336 0.807735 3336 0.807735
159 2.779507 3944 0.954949 1972 0.477474 1972 0.477474
160 2.815358 2520 0.610160 1260 0.305080 1260 0.305080
161 2.851209 1904 0.461010 952 0.230505 952 0.230505
162 2.887061 1564 0.378687 782 0.189343 782 0.189343
163 2.922912 1452 0.351568 726 0.175784 726 0.175784
164 2.958763 1192 0.288615 596 0.144308 596 0.144308
165 2.994614 1168 0.282804 584 0.141402 584 0.141402
166 3.030466 1100 0.266340 550 0.133170 550 0.133170
167 3.066317 1008 0.244064 504 0.122032 504 0.122032
168 3.102168 924 0.223725 462 0.111863 462 0.111863
169 3.138019 900 0.217914 450 0.108957 450 0.108957
170 3.173871 852 0.206292 426 0.103146 426 0.103146
171 3.209722 812 0.196607 406 0.098304 406 0.098304
172 3.245573 804 0.194670 402 0.097335 402 0.097335
173 3.281424 788 0.190796 394 0.095398 394 0.095398
174 3.317276 744 0.180142 372 0.090071 372 0.090071
175 3.353127 704 0.170457 352 0.085229 352 0.085229
176 3.388978 700 0.169489 350 0.084744 350 0.084744
177 3.424830 668 0.161741 334 0.080870 334 0.080870
178 3.460681 668 0.161741 334 0.080870 334 0.080870
179 3.496532 628 0.152056 314 0.076028 314 0.076028
180 3.532383 636 0.153993 318 0.076996 318 0.076996
181 3.568235 628 0.152056 314 0.076028 314 0.076028
182 3.604086 588 0.142371 294 0.071185 294 0.071185
183 3.639937 580 0.140434 290 0.070217 290 0.070217
184 3.675788 612 0.148182 306 0.074091 306 0.074091
185 3.711640 552 0.133654 276 0.066827 276 0.066827
186 3.747491 564 0.136560 282 0.068280 282 0.068280
187 3.783342 532 0.128812 266 0.064406 266 0.064406
188 3.819193 556 0.134623 278 0.067311 278 0.067311
189 3.855045 500 0.121063 250 0.060532 250 0.060532
190 3.890896 564 0.136560 282 0.068280 282 0.068280
191 3.926747 520 0.125906 260 0.062953 260 0.062953
192 3.962598 508 0.123000 254 0.061500 254 0.061500
193 3.998450 508 0.123000 254 0.061500 254 0.061500
194 4.034301 476 0.115252 238 0.057626 238 0.057626
195 4.070152 508 0.123000 254 0.061500 254 0.061500
196 4.106003 488 0.118158 244 0.059079 244 0.059079
197 4.141855 476 0.115252 238 0.057626 238 0.057626
198 4.177706 468 0.113315 234 0.056658 234 0.056658
199 4.213557 484 0.117189 242 0.058595 242 0.058595
200 4.249408 460 0.111378 230 0.055689 230 0.055689
201 4.285260 476 0.115252 238 0.057626 238 0.057626
202 4.321111 416 0.100725 208 0.050362 208 0.050362
203 4.356962 476 0.115252 238 0.057626 238 0.057626
204 4.392813 436 0.105567 218 0.052784 218 0.052784
205 4.428665 444 0.107504 222 0.053752 222 0.053752
206 4.464516 436 0.105567 218 0.052784 218 0.052784
207 4.500367 424 0.102662 212 0.051331 212 0.051331
208 4.536219 428 0.103630 214 0.051815 214 0.051815
209 4.572070 444 0.107504 222 0.053752 222 0.053752
210 4.607921 452 0.109441 226 0.054721 226 0.054721
211 4.643772 372 0.090071 186 0.045036 186 0.045036
212 4.679624 428 0.103630 214 0.051815 214 0.051815
213 4.715475 404 0.097819 202 0.048910 202 0.048910
214 4.751326 404 0.097819 202 0.048910 202 0.048910
215 4.787177 392 0.094914 196 0.047457 196 0.047457
216 4.823029 428 0.103630 214 0.051815 214 0.051815
217 4.858880 388 0.093945 194 0.046973 194 0.046973
218 4.894731 380 0.092008 190 0.046004 190 0.046004
219 4.930582 404 0.097819 202 0.048910 202 0.048910
220 4.966434 396 0.095882 198 0.047941 198 0.047941
221 5.002285 380 0.092008 190 0.046004 190 0.046004
222 5.038136 404 0.097819 202 0.048910 202 0.048910
223 5.073987 364 0.088134 182 0.044067 182 0.044067
224 5.109839 380 0.092008 190 0.046004 190 0.046004
225 5.145690 376 0.091040 188 0.045520 188 0.045520
226 5.181541 388 0.093945 194 0.046973 194 0.046973
227 5.217392 356 0.086197 178 0.043099 178 0.043099
228 5.253244 356 0.086197 178 0.043099 178 0.043099
229 5.289095 384 0.092977 192 0.046488 192 0.046488
230 5.324946 364 0.088134 182 0.044067 182 0.044067
231 5.360797 368 0.089103 184 0.044551 184 0.044551
232 5.396649 348 0.084260 174 0.042130 174 0.042130
233 5.432500 360 0.087166 180 0.043583 180 0.043583
234 5.468351 360 0.087166 180 0.043583 180 0.043583
235 5.504202 344 0.083292 172 0.041646 172 0.041646
236 5.540054 348 0.084260 174 0.042130 174 0.042130
237 5.575905 356 0.086197 178 0.043099 178 0.043099
238 5.611756 12 0.002906 6 0.001453 6 0.001453
239 5.647607 0 0.000000 0 0.000000 0 0.000000
