# filling: 0.500000
# t: 1.000000
# U: 3.000000
# intkmax: 240
# init_cond: 1
# mixing: 0.900000
# orderpara_eps: 1.000000e-12


# ene ene_0 ene_U Ave(N) N[0] N[1] Ave(DeltaN) DeltaN[0] DeltaN[1] 
     0 -0.8572569137 -0.8572569137  0.0000000000  0.5000000000  0.5000000000  0.5000000000  0.0000000000  0.5000000000 -0.5000000000 


# converged in 37 steps
    37 -0.9466000071 -0.4369040205 -0.5096959865  0.5000000000  0.5000000000  0.5000000000  0.0000000000  0.2830217974 -0.2830217974 


# SzA SzB NA NB
 0.2830217974 -0.2830217974  1.0000000000  1.0000000000 


# 3: dos
# Efermi=0.650935
# Egap= 1.69813081914297825

0 -3.308037 0 0.000000 0 0.000000 0 0.000000
1 -3.273395 12 0.003007 6 0.001503 6 0.001503
2 -3.238752 320 0.080184 160 0.040092 160 0.040092
3 -3.204110 324 0.081186 162 0.040593 162 0.040593
4 -3.169467 348 0.087200 174 0.043600 174 0.043600
5 -3.134825 312 0.078179 156 0.039090 156 0.039090
6 -3.100182 340 0.085196 170 0.042598 170 0.042598
7 -3.065540 336 0.084193 168 0.042097 168 0.042097
8 -3.030897 332 0.083191 166 0.041595 166 0.041595
9 -2.996255 344 0.086198 172 0.043099 172 0.043099
10 -2.961612 332 0.083191 166 0.041595 166 0.041595
11 -2.926970 332 0.083191 166 0.041595 166 0.041595
12 -2.892327 364 0.091209 182 0.045605 182 0.045605
13 -2.857685 332 0.083191 166 0.041595 166 0.041595
14 -2.823042 352 0.088202 176 0.044101 176 0.044101
15 -2.788400 340 0.085196 170 0.042598 170 0.042598
16 -2.753757 356 0.089205 178 0.044602 178 0.044602
17 -2.719114 348 0.087200 174 0.043600 174 0.043600
18 -2.684472 356 0.089205 178 0.044602 178 0.044602
19 -2.649829 352 0.088202 176 0.044101 176 0.044101
20 -2.615187 372 0.093214 186 0.046607 186 0.046607
21 -2.580544 340 0.085196 170 0.042598 170 0.042598
22 -2.545902 356 0.089205 178 0.044602 178 0.044602
23 -2.511259 372 0.093214 186 0.046607 186 0.046607
24 -2.476617 372 0.093214 186 0.046607 186 0.046607
25 -2.441974 372 0.093214 186 0.046607 186 0.046607
26 -2.407332 380 0.095219 190 0.047609 190 0.047609
27 -2.372689 352 0.088202 176 0.044101 176 0.044101
28 -2.338047 388 0.097223 194 0.048612 194 0.048612
29 -2.303404 356 0.089205 178 0.044602 178 0.044602
30 -2.268762 396 0.099228 198 0.049614 198 0.049614
31 -2.234119 372 0.093214 186 0.046607 186 0.046607
32 -2.199477 408 0.102235 204 0.051117 204 0.051117
33 -2.164834 388 0.097223 194 0.048612 194 0.048612
34 -2.130192 372 0.093214 186 0.046607 186 0.046607
35 -2.095549 404 0.101232 202 0.050616 202 0.050616
36 -2.060907 384 0.096221 192 0.048110 192 0.048110
37 -2.026264 412 0.103237 206 0.051618 206 0.051618
38 -1.991622 412 0.103237 206 0.051618 206 0.051618
39 -1.956979 404 0.101232 202 0.050616 202 0.050616
40 -1.922336 408 0.102235 204 0.051117 204 0.051117
41 -1.887694 412 0.103237 206 0.051618 206 0.051618
42 -1.853051 404 0.101232 202 0.050616 202 0.050616
43 -1.818409 420 0.105242 210 0.052621 210 0.052621
44 -1.783766 416 0.104239 208 0.052120 208 0.052120
45 -1.749124 396 0.099228 198 0.049614 198 0.049614
46 -1.714481 452 0.113260 226 0.056630 226 0.056630
47 -1.679839 432 0.108248 216 0.054124 216 0.054124
48 -1.645196 460 0.115265 230 0.057632 230 0.057632
49 -1.610554 428 0.107246 214 0.053623 214 0.053623
50 -1.575911 436 0.109251 218 0.054625 218 0.054625
51 -1.541269 456 0.114262 228 0.057131 228 0.057131
52 -1.506626 412 0.103237 206 0.051618 206 0.051618
53 -1.471984 468 0.117269 234 0.058635 234 0.058635
54 -1.437341 464 0.116267 232 0.058133 232 0.058133
55 -1.402699 492 0.123283 246 0.061641 246 0.061641
56 -1.368056 460 0.115265 230 0.057632 230 0.057632
57 -1.333414 476 0.119274 238 0.059637 238 0.059637
58 -1.298771 464 0.116267 232 0.058133 232 0.058133
59 -1.264129 476 0.119274 238 0.059637 238 0.059637
60 -1.229486 516 0.129297 258 0.064648 258 0.064648
61 -1.194843 512 0.128294 256 0.064147 256 0.064147
62 -1.160201 500 0.125288 250 0.062644 250 0.062644
63 -1.125558 484 0.121278 242 0.060639 242 0.060639
64 -1.090916 508 0.127292 254 0.063646 254 0.063646
65 -1.056273 528 0.132304 264 0.066152 264 0.066152
66 -1.021631 548 0.137315 274 0.068658 274 0.068658
67 -0.986988 540 0.135311 270 0.067655 270 0.067655
68 -0.952346 532 0.133306 266 0.066653 266 0.066653
69 -0.917703 520 0.130299 260 0.065150 260 0.065150
70 -0.883061 604 0.151347 302 0.075674 302 0.075674
71 -0.848418 580 0.145334 290 0.072667 290 0.072667
72 -0.813776 612 0.153352 306 0.076676 306 0.076676
73 -0.779133 588 0.147338 294 0.073669 294 0.073669
74 -0.744491 572 0.143329 286 0.071664 286 0.071664
75 -0.709848 608 0.152350 304 0.076175 304 0.076175
76 -0.675206 676 0.169389 338 0.084694 338 0.084694
77 -0.640563 644 0.161370 322 0.080685 322 0.080685
78 -0.605921 676 0.169389 338 0.084694 338 0.084694
79 -0.571278 676 0.169389 338 0.084694 338 0.084694
80 -0.536636 708 0.177407 354 0.088704 354 0.088704
81 -0.501993 700 0.175403 350 0.087701 350 0.087701
82 -0.467350 724 0.181416 362 0.090708 362 0.090708
83 -0.432708 796 0.199458 398 0.099729 398 0.099729
84 -0.398065 812 0.203467 406 0.101734 406 0.101734
85 -0.363423 868 0.217499 434 0.108750 434 0.108750
86 -0.328780 876 0.219504 438 0.109752 438 0.109752
87 -0.294138 976 0.244561 488 0.122281 488 0.122281
88 -0.259495 996 0.249573 498 0.124786 498 0.124786
89 -0.224853 1104 0.276635 552 0.138317 552 0.138317
90 -0.190210 1268 0.317729 634 0.158865 634 0.158865
91 -0.155568 1392 0.348801 696 0.174400 696 0.174400
92 -0.120925 1540 0.385886 770 0.192943 770 0.192943
93 -0.086283 2092 0.524203 1046 0.262102 1046 0.262102
94 -0.051640 3276 0.820884 1638 0.410442 1638 0.410442
95 -0.016998 5472 1.371147 2736 0.685574 2736 0.685574
96 0.017645 0 0.000000 0 0.000000 0 0.000000
97 0.052287 0 0.000000 0 0.000000 0 0.000000
98 0.086930 0 0.000000 0 0.000000 0 0.000000
99 0.121572 0 0.000000 0 0.000000 0 0.000000
100 0.156215 0 0.000000 0 0.000000 0 0.000000
101 0.190857 0 0.000000 0 0.000000 0 0.000000
102 0.225500 0 0.000000 0 0.000000 0 0.000000
103 0.260143 0 0.000000 0 0.000000 0 0.000000
104 0.294785 0 0.000000 0 0.000000 0 0.000000
105 0.329428 0 0.000000 0 0.000000 0 0.000000
106 0.364070 0 0.000000 0 0.000000 0 0.000000
107 0.398713 0 0.000000 0 0.000000 0 0.000000
108 0.433355 0 0.000000 0 0.000000 0 0.000000
109 0.467998 0 0.000000 0 0.000000 0 0.000000
110 0.502640 0 0.000000 0 0.000000 0 0.000000
111 0.537283 0 0.000000 0 0.000000 0 0.000000
112 0.571925 0 0.000000 0 0.000000 0 0.000000
113 0.606568 0 0.000000 0 0.000000 0 0.000000
114 0.641210 0 0.000000 0 0.000000 0 0.000000
115 0.675853 0 0.000000 0 0.000000 0 0.000000
116 0.710495 0 0.000000 0 0.000000 0 0.000000
117 0.745138 0 0.000000 0 0.000000 0 0.000000
118 0.779780 0 0.000000 0 0.000000 0 0.000000
119 0.814423 0 0.000000 0 0.000000 0 0.000000
120 0.849065 0 0.000000 0 0.000000 0 0.000000
121 0.883708 0 0.000000 0 0.000000 0 0.000000
122 0.918350 0 0.000000 0 0.000000 0 0.000000
123 0.952993 0 0.000000 0 0.000000 0 0.000000
124 0.987636 0 0.000000 0 0.000000 0 0.000000
125 1.022278 0 0.000000 0 0.000000 0 0.000000
126 1.056921 0 0.000000 0 0.000000 0 0.000000
127 1.091563 0 0.000000 0 0.000000 0 0.000000
128 1.126206 0 0.000000 0 0.000000 0 0.000000
129 1.160848 0 0.000000 0 0.000000 0 0.000000
130 1.195491 0 0.000000 0 0.000000 0 0.000000
131 1.230133 0 0.000000 0 0.000000 0 0.000000
132 1.264776 0 0.000000 0 0.000000 0 0.000000
133 1.299418 0 0.000000 0 0.000000 0 0.000000
134 1.334061 0 0.000000 0 0.000000 0 0.000000
135 1.368703 0 0.000000 0 0.000000 0 0.000000
136 1.403346 0 0.000000 0 0.000000 0 0.000000
137 1.437988 0 0.000000 0 0.000000 0 0.000000
138 1.472631 0 0.000000 0 0.000000 0 0.000000
139 1.507273 0 0.000000 0 0.000000 0 0.000000
140 1.541916 0 0.000000 0 0.000000 0 0.000000
141 1.576558 0 0.000000 0 0.000000 0 0.000000
142 1.611201 0 0.000000 0 0.000000 0 0.000000
143 1.645843 0 0.000000 0 0.000000 0 0.000000
144 1.680486 5472 1.371147 2736 0.685574 2736 0.685574
145 1.715128 3276 0.820884 1638 0.410442 1638 0.410442
146 1.749771 2092 0.524203 1046 0.262102 1046 0.262102
147 1.784414 1540 0.385886 770 0.192943 770 0.192943
148 1.819056 1392 0.348801 696 0.174400 696 0.174400
149 1.853699 1268 0.317729 634 0.158865 634 0.158865
150 1.888341 1104 0.276635 552 0.138317 552 0.138317
151 1.922984 996 0.249573 498 0.124786 498 0.124786
152 1.957626 976 0.244561 488 0.122281 488 0.122281
153 1.992269 876 0.219504 438 0.109752 438 0.109752
154 2.026911 868 0.217499 434 0.108750 434 0.108750
155 2.061554 812 0.203467 406 0.101734 406 0.101734
156 2.096196 796 0.199458 398 0.099729 398 0.099729
157 2.130839 724 0.181416 362 0.090708 362 0.090708
158 2.165481 700 0.175403 350 0.087701 350 0.087701
159 2.200124 708 0.177407 354 0.088704 354 0.088704
160 2.234766 676 0.169389 338 0.084694 338 0.084694
161 2.269409 676 0.169389 338 0.084694 338 0.084694
162 2.304051 644 0.161370 322 0.080685 322 0.080685
163 2.338694 676 0.169389 338 0.084694 338 0.084694
164 2.373336 608 0.152350 304 0.076175 304 0.076175
165 2.407979 572 0.143329 286 0.071664 286 0.071664
166 2.442621 588 0.147338 294 0.073669 294 0.073669
167 2.477264 612 0.153352 306 0.076676 306 0.076676
168 2.511907 580 0.145334 290 0.072667 290 0.072667
169 2.546549 604 0.151347 302 0.075674 302 0.075674
170 2.581192 520 0.130299 260 0.065150 260 0.065150
171 2.615834 532 0.133306 266 0.066653 266 0.066653
172 2.650477 540 0.135311 270 0.067655 270 0.067655
173 2.685119 548 0.137315 274 0.068658 274 0.068658
174 2.719762 528 0.132304 264 0.066152 264 0.066152
175 2.754404 508 0.127292 254 0.063646 254 0.063646
176 2.789047 484 0.121278 242 0.060639 242 0.060639
177 2.823689 500 0.125288 250 0.062644 250 0.062644
178 2.858332 512 0.128294 256 0.064147 256 0.064147
179 2.892974 516 0.129297 258 0.064648 258 0.064648
180 2.927617 476 0.119274 238 0.059637 238 0.059637
181 2.962259 464 0.116267 232 0.058133 232 0.058133
182 2.996902 476 0.119274 238 0.059637 238 0.059637
183 3.031544 460 0.115265 230 0.057632 230 0.057632
184 3.066187 492 0.123283 246 0.061641 246 0.061641
185 3.100829 464 0.116267 232 0.058133 232 0.058133
186 3.135472 468 0.117269 234 0.058635 234 0.058635
187 3.170114 412 0.103237 206 0.051618 206 0.051618
188 3.204757 456 0.114262 228 0.057131 228 0.057131
189 3.239400 436 0.109251 218 0.054625 218 0.054625
190 3.274042 428 0.107246 214 0.053623 214 0.053623
191 3.308685 460 0.115265 230 0.057632 230 0.057632
192 3.343327 432 0.108248 216 0.054124 216 0.054124
193 3.377970 452 0.113260 226 0.056630 226 0.056630
194 3.412612 396 0.099228 198 0.049614 198 0.049614
195 3.447255 416 0.104239 208 0.052120 208 0.052120
196 3.481897 420 0.105242 210 0.052621 210 0.052621
197 3.516540 404 0.101232 202 0.050616 202 0.050616
198 3.551182 412 0.103237 206 0.051618 206 0.051618
199 3.585825 408 0.102235 204 0.051117 204 0.051117
200 3.620467 404 0.101232 202 0.050616 202 0.050616
201 3.655110 412 0.103237 206 0.051618 206 0.051618
202 3.689752 412 0.103237 206 0.051618 206 0.051618
203 3.724395 384 0.096221 192 0.048110 192 0.048110
204 3.759037 404 0.101232 202 0.050616 202 0.050616
205 3.793680 372 0.093214 186 0.046607 186 0.046607
206 3.828322 388 0.097223 194 0.048612 194 0.048612
207 3.862965 408 0.102235 204 0.051117 204 0.051117
208 3.897607 372 0.093214 186 0.046607 186 0.046607
209 3.932250 396 0.099228 198 0.049614 198 0.049614
210 3.966893 356 0.089205 178 0.044602 178 0.044602
211 4.001535 388 0.097223 194 0.048612 194 0.048612
212 4.036178 352 0.088202 176 0.044101 176 0.044101
213 4.070820 380 0.095219 190 0.047609 190 0.047609
214 4.105463 372 0.093214 186 0.046607 186 0.046607
215 4.140105 372 0.093214 186 0.046607 186 0.046607
216 4.174748 372 0.093214 186 0.046607 186 0.046607
217 4.209390 356 0.089205 178 0.044602 178 0.044602
218 4.244033 340 0.085196 170 0.042598 170 0.042598
219 4.278675 372 0.093214 186 0.046607 186 0.046607
220 4.313318 352 0.088202 176 0.044101 176 0.044101
221 4.347960 356 0.089205 178 0.044602 178 0.044602
222 4.382603 348 0.087200 174 0.043600 174 0.043600
223 4.417245 356 0.089205 178 0.044602 178 0.044602
224 4.451888 340 0.085196 170 0.042598 170 0.042598
225 4.486530 352 0.088202 176 0.044101 176 0.044101
226 4.521173 332 0.083191 166 0.041595 166 0.041595
227 4.555815 364 0.091209 182 0.045605 182 0.045605
228 4.590458 332 0.083191 166 0.041595 166 0.041595
229 4.625100 332 0.083191 166 0.041595 166 0.041595
230 4.659743 344 0.086198 172 0.043099 172 0.043099
231 4.694385 332 0.083191 166 0.041595 166 0.041595
232 4.729028 336 0.084193 168 0.042097 168 0.042097
233 4.763671 340 0.085196 170 0.042598 170 0.042598
234 4.798313 312 0.078179 156 0.039090 156 0.039090
235 4.832956 348 0.087200 174 0.043600 174 0.043600
236 4.867598 324 0.081186 162 0.040593 162 0.040593
237 4.902241 320 0.080184 160 0.040092 160 0.040092
238 4.936883 12 0.003007 6 0.001503 6 0.001503
239 4.971526 0 0.000000 0 0.000000 0 0.000000
